1000 9895
656 587
346 33
848 483
998 537
845 394
593 433
61 635
501 628
370 126
375 95
929 983
630 723
385 773
133 175
906 481
130 392
204 244
189 136
760 389
1000 363
326 214
530 324
622 934
169 228
722 776
284 211
539 303
481 315
759 136
891 880
527 774
914 201
554 864
225 927
317 136
274 910
395 580
178 76
253 648
643 170
878 993
477 960
795 487
687 61
212 147
329 89
520 782
734 885
139 456
494 328
255 172
644 663
258 502
895 412
989 71
495 770
922 128
172 295
580 420
267 509
569 845
842 379
111 722
148 328
738 440
564 976
211 296
103 334
984 1000
491 744
263 158
530 947
620 587
401 877
863 821
8 422
851 489
484 198
987 249
257 370
336 469
559 777
48 345
216 779
968 794
72 303
350 698
543 261
458 731
55 943
467 875
69 995
535 778
536 156
989 862
831 111
13 540
861 64
513 764
203 242
434 386
986 887
72 869
796 752
312 858
576 743
818 540
303 164
986 998
164 638
611 431
259 322
802 528
351 232
140 455
798 435
735 118
22 999
486 720
342 596
99 22
238 677
350 419
723 967
248 421
710 323
827 613
410 509
889 412
67 824
953 959
438 945
884 737
311 702
740 845
317 524
123 837
127 949
594 970
97 98
776 515
137 795
854 191
179 580
400 571
715 534
992 241
629 196
317 750
839 681
185 624
313 596
390 481
599 541
681 932
591 169
530 250
879 354
699 216
992 334
21 444
840 298
299 182
727 391
292 340
868 832
299 199
745 27
251 846
694 972
533 450
751 122
276 972
226 627
462 947
998 545
659 706
697 58
401 405
310 743
207 841
942 788
467 756
408 133
649 8
658 326
868 363
160 442
658 473
401 64
402 283
13 188
705 914
155 113
429 626
286 901
566 865
109 778
458 2
98 125
852 854
339 893
1000 577
858 797
14 295
218 642
348 757
663 142
792 845
246 220
909 10
748 118
306 33
640 769
42 758
166 573
780 313
801 882
586 504
490 405
73 139
760 459
84 781
338 503
857 523
141 322
128 559
814 572
20 629
370 718
150 240
262 478
120 985
230 418
163 103
182 257
440 288
567 746
927 105
70 458
182 176
96 49
923 734
121 610
432 211
876 662
471 146
932 640
71 948
99 835
707 896
339 43
159 273
202 820
495 393
315 767
725 876
110 304
739 640
629 540
251 874
136 680
931 422
972 778
275 458
676 623
964 422
532 34
117 84
247 399
194 57
638 548
731 450
513 651
576 203
518 420
354 435
134 413
228 328
751 80
548 923
19 175
256 523
503 843
924 250
619 754
1000 368
428 777
398 209
865 662
481 685
99 74
299 636
624 795
666 976
758 330
260 865
632 970
602 750
285 722
473 946
568 629
791 872
843 603
80 764
230 267
748 203
362 410
723 812
309 243
114 791
351 966
783 629
467 42
896 738
461 568
373 348
571 273
129 358
793 783
870 815
563 693
639 901
624 389
917 374
646 604
903 327
797 57
976 621
295 407
332 785
487 603
823 925
36 497
521 663
194 601
959 211
654 937
417 254
863 865
590 43
913 690
152 125
704 698
319 243
211 986
765 31
967 711
169 670
426 247
561 880
375 824
954 532
911 268
255 197
688 381
337 865
545 452
694 807
806 429
493 94
60 711
958 248
234 778
860 714
898 939
226 682
65 232
697 459
302 751
512 908
65 153
212 728
341 60
482 98
389 982
761 760
531 213
290 893
574 149
298 400
783 86
394 911
442 583
114 936
191 465
688 999
596 740
237 440
18 674
314 637
575 922
279 201
157 961
526 378
782 736
658 850
522 764
371 501
832 97
391 84
132 36
505 383
354 218
839 934
124 607
754 890
810 696
5 858
616 223
837 129
657 283
611 410
788 955
554 677
137 847
45 46
140 838
44 234
581 29
275 582
354 981
916 197
516 799
647 55
558 374
724 602
854 537
862 978
358 744
125 211
785 810
860 362
276 203
774 190
189 886
418 292
692 166
974 273
9 321
318 469
268 578
673 826
52 289
459 353
470 99
109 481
492 495
148 964
590 336
369 124
521 335
8 278
794 861
389 135
657 639
713 779
452 306
664 321
556 695
691 680
194 400
570 631
57 920
757 695
422 160
740 443
28 111
891 49
183 418
384 917
387 152
117 697
725 442
193 217
601 196
468 981
14 473
606 343
687 765
477 769
577 115
961 220
155 5
619 984
434 116
622 669
737 629
887 759
4 294
579 682
602 585
456 659
718 847
259 240
335 344
374 341
92 670
588 571
867 500
914 15
317 523
512 843
840 584
487 479
953 815
573 314
443 93
82 247
905 864
676 37
913 669
606 802
556 79
679 946
287 623
480 454
188 911
746 929
768 515
932 286
241 815
955 87
849 424
166 978
598 945
837 391
729 774
594 733
327 825
876 899
189 952
426 538
33 660
162 496
381 252
897 67
572 587
977 413
160 529
234 398
971 763
718 84
665 328
63 161
102 649
416 506
414 789
200 385
800 592
46 832
568 660
95 737
498 237
764 892
9 206
29 19
467 100
803 980
146 337
844 184
717 134
632 610
299 373
561 666
946 744
839 375
327 419
958 3
752 438
968 755
536 919
657 901
967 96
553 308
296 299
169 35
100 589
201 91
57 662
97 961
407 94
106 529
768 77
787 996
934 853
866 119
443 810
272 64
283 325
377 34
487 29
255 1
866 998
870 550
198 112
590 366
662 818
121 150
552 56
620 210
57 191
185 498
486 57
803 201
948 998
770 2
310 459
955 2
296 645
361 417
214 980
491 546
900 784
651 154
202 930
556 277
849 293
67 480
100 376
124 358
141 918
561 658
54 153
24 92
466 529
360 20
747 672
983 613
751 40
73 945
720 308
521 421
24 203
315 988
447 203
51 562
214 194
803 611
536 166
648 544
109 425
657 583
820 149
497 734
790 869
422 153
78 719
762 676
621 415
714 515
881 50
864 392
471 499
985 108
92 770
476 609
517 501
235 447
468 13
326 487
199 879
827 718
40 780
203 360
714 535
305 728
639 429
973 981
232 931
532 484
35 384
13 931
257 910
44 86
314 713
991 753
443 935
463 40
545 679
515 545
351 743
874 272
124 855
50 846
590 620
516 631
758 610
192 387
448 573
323 699
380 568
52 868
826 124
585 61
107 673
515 326
21 17
3 634
617 876
319 284
780 866
73 402
876 763
515 471
994 317
133 600
462 300
250 970
894 275
366 200
907 510
751 223
608 327
937 887
243 300
158 199
364 552
381 390
845 55
773 298
578 658
225 890
778 496
512 12
470 68
273 760
493 93
485 87
972 530
129 749
385 795
523 541
178 518
216 365
660 722
293 471
665 892
316 920
853 239
892 331
964 712
650 282
436 481
331 253
114 711
904 19
868 300
364 3
520 2
402 352
504 902
670 649
584 842
951 980
426 391
826 30
409 453
136 731
13 11
568 318
18 675
421 416
844 539
439 273
245 34
227 747
856 249
842 734
148 645
439 390
421 695
461 586
117 24
714 74
700 41
22 5
188 885
304 282
488 711
343 731
179 618
20 558
594 887
801 706
23 933
245 614
470 565
295 442
603 749
256 106
314 144
471 335
508 222
254 942
238 307
383 782
885 712
501 899
962 439
751 243
590 183
171 39
451 690
935 89
313 186
975 872
229 886
655 878
413 367
459 572
621 325
961 256
797 186
584 569
713 923
273 774
181 661
536 956
683 831
616 234
778 601
231 16
57 520
991 117
687 780
304 875
981 47
912 618
490 522
314 643
917 791
726 281
331 374
313 743
355 380
606 996
285 665
161 939
917 888
80 993
207 344
120 626
619 872
585 552
144 162
903 714
672 648
231 247
303 971
243 616
382 865
809 289
439 490
712 412
463 480
430 219
253 908
864 351
576 67
957 730
797 869
10 617
102 243
853 537
899 321
24 645
277 221
686 123
83 162
241 164
529 972
149 819
936 986
846 381
776 867
68 197
875 735
508 284
769 238
453 397
439 942
188 750
368 774
845 780
572 580
84 400
561 221
210 261
263 269
806 523
124 323
414 246
685 884
944 178
263 418
894 698
931 396
755 208
918 666
833 622
642 116
637 140
837 986
807 182
593 110
596 955
152 340
800 704
673 182
531 848
843 738
570 822
972 966
77 806
942 794
1000 391
711 427
786 894
617 386
195 564
507 870
660 650
289 484
339 545
160 444
273 115
200 941
866 274
957 201
761 568
778 399
587 84
221 718
477 868
973 863
925 340
446 545
140 372
748 225
587 37
495 640
823 57
667 77
904 777
579 649
451 742
912 372
701 466
848 481
974 176
528 292
449 254
468 319
362 326
53 995
862 395
221 1
984 543
795 350
920 363
973 616
296 759
6 582
776 545
906 624
979 26
136 832
453 420
571 356
850 213
137 902
338 1
383 551
749 38
15 941
220 509
77 420
477 458
300 69
713 164
406 652
401 922
550 849
438 479
777 711
335 589
195 182
402 516
223 748
299 148
854 582
233 920
343 199
774 135
869 11
941 750
925 233
11 361
452 461
39 95
707 49
67 174
512 33
721 157
226 533
794 867
855 846
858 94
146 434
165 406
740 30
264 953
215 604
809 643
863 336
350 829
541 204
65 179
782 206
89 53
531 74
521 680
94 294
42 133
260 220
759 48
743 655
688 671
820 436
113 280
316 219
28 199
360 655
948 272
183 613
311 592
847 514
649 917
154 285
248 624
84 222
126 625
607 130
974 643
912 336
127 105
365 676
370 782
222 823
848 642
165 771
279 276
525 28
528 256
952 672
637 957
230 509
33 791
330 431
461 647
686 64
580 579
871 124
475 279
900 870
698 773
92 20
223 802
244 463
997 823
779 460
543 127
346 411
457 514
349 532
461 122
903 103
417 954
987 158
897 138
780 577
379 334
604 157
937 886
459 502
243 303
542 223
747 655
894 754
751 79
826 370
777 814
836 335
802 491
289 132
553 951
312 99
475 753
441 833
392 155
191 277
603 253
507 192
659 191
933 548
943 999
293 325
722 741
763 581
178 519
191 980
776 504
85 84
30 591
350 604
14 631
403 731
151 841
393 34
621 19
995 930
354 38
173 546
268 378
730 445
236 70
348 520
165 974
630 146
273 532
264 401
967 329
933 270
469 967
188 16
705 378
245 33
981 477
797 126
951 757
629 459
866 943
845 36
758 225
779 556
395 807
32 635
777 132
236 763
398 670
819 324
116 417
197 224
658 626
20 559
978 471
329 874
573 239
110 690
310 432
596 462
591 33
828 309
650 565
851 140
214 53
138 353
990 511
876 585
714 447
615 236
214 591
659 686
381 214
191 638
385 265
243 237
681 334
393 774
430 747
270 636
381 327
778 179
651 899
146 585
698 490
332 156
703 895
545 373
764 895
360 109
623 52
388 813
595 719
230 85
910 686
700 838
315 884
63 498
750 876
160 179
113 117
534 809
350 874
117 613
997 449
394 764
437 570
846 670
596 757
632 806
194 257
533 524
147 653
22 523
957 164
333 842
526 139
714 939
821 981
736 879
296 192
387 43
904 927
84 167
122 94
255 414
827 521
313 504
870 681
339 979
178 111
666 296
631 704
447 857
470 535
509 496
473 650
495 589
595 371
540 432
605 342
236 735
789 415
681 382
809 789
597 690
487 302
456 450
885 375
281 25
99 154
794 473
693 725
764 856
457 585
42 953
918 974
480 294
779 20
389 293
575 228
211 551
931 318
519 978
613 128
861 729
138 246
46 983
125 870
932 988
534 351
105 266
638 700
417 301
761 899
157 365
711 533
267 644
859 302
899 663
682 813
556 774
393 254
184 213
994 762
401 180
296 414
706 89
160 445
970 450
843 80
200 942
407 235
667 474
700 686
973 862
443 703
26 461
689 699
505 106
839 181
821 602
5 621
579 648
139 567
354 790
378 843
731 837
71 476
718 681
899 113
828 185
848 847
176 560
433 167
415 688
54 561
883 667
645 686
547 400
935 873
603 921
784 93
289 593
417 516
495 839
97 508
462 52
559 654
484 468
709 29
380 645
427 828
283 816
896 6
163 838
744 582
183 283
245 974
270 645
952 622
875 236
310 154
488 122
814 538
641 852
750 660
792 52
65 630
561 841
212 771
377 198
987 83
898 672
848 507
186 766
632 418
76 289
752 871
513 799
53 78
570 856
25 677
303 394
502 384
130 454
930 352
215 750
364 324
789 555
96 862
117 940
958 82
82 865
835 293
29 358
624 560
878 389
471 561
773 103
299 736
377 640
435 32
994 369
874 971
16 470
530 239
240 23
231 839
219 753
744 647
156 600
880 455
443 731
575 530
248 625
688 285
108 165
408 827
112 160
830 932
232 933
250 306
365 675
795 396
148 594
519 573
850 404
123 782
805 972
634 382
118 519
732 945
732 775
358 481
758 864
571 240
457 944
261 512
188 544
634 592
599 710
67 305
429 330
414 38
699 148
811 958
713 948
794 640
135 504
769 70
917 198
620 769
119 530
266 456
160 603
327 545
683 265
355 680
283 529
716 474
642 750
425 442
299 401
962 371
467 851
963 950
410 986
365 922
255 976
973 337
190 69
285 847
491 914
460 251
613 779
692 446
549 531
180 202
82 806
441 546
254 73
98 66
530 320
326 295
933 773
751 514
458 359
614 970
80 445
461 473
105 798
92 992
648 26
939 525
187 144
51 125
969 706
622 644
970 365
477 939
758 452
939 666
796 404
340 101
359 395
677 98
914 340
484 502
549 423
302 597
173 451
266 743
654 306
861 886
58 517
519 912
576 202
776 412
705 490
926 914
908 137
547 475
196 651
88 276
753 550
920 579
343 725
419 61
737 42
633 233
600 286
547 313
19 546
332 514
400 670
791 418
560 956
462 108
867 25
339 483
436 591
128 776
479 683
975 310
979 819
30 163
309 360
572 674
350 138
812 113
63 825
599 859
200 281
882 493
189 883
975 596
246 844
929 292
33 495
921 779
772 918
185 20
169 767
951 937
617 249
581 606
30 492
859 84
806 637
831 26
670 156
802 268
677 736
215 801
678 699
476 999
294 856
635 890
13 536
177 874
859 370
700 822
293 376
632 993
651 590
565 140
70 602
843 806
322 331
933 825
437 938
117 646
43 559
246 42
289 962
903 806
154 291
858 727
481 381
795 86
524 552
729 986
563 50
175 184
409 256
110 271
897 619
92 665
297 475
466 450
828 500
577 700
686 14
154 231
46 934
784 114
767 225
605 198
182 313
476 30
443 207
569 877
89 891
387 900
3 842
814 797
29 571
158 833
348 375
315 358
172 37
710 557
129 254
538 850
647 20
246 825
450 306
217 549
159 462
697 254
681 66
668 692
91 189
293 937
186 731
122 733
618 678
910 536
254 682
792 247
703 995
9 243
393 108
747 999
768 352
273 710
490 337
5 7
777 246
463 767
981 894
825 226
535 923
826 525
735 176
592 194
403 677
190 895
874 980
268 733
83 550
619 552
105 982
739 403
153 596
753 445
619 180
191 736
639 394
895 796
258 233
261 41
244 898
905 598
20 382
303 779
641 936
872 56
382 816
884 594
793 65
919 109
776 453
843 722
154 473
527 536
837 208
895 114
75 617
143 596
576 50
405 328
448 933
13 307
684 616
681 345
923 436
998 717
571 358
646 628
974 865
873 370
546 568
709 28
31 32
414 440
265 404
883 540
542 948
745 328
261 788
664 802
243 55
462 471
615 311
234 350
771 663
133 754
318 694
926 49
910 986
185 227
21 333
561 297
850 791
177 583
569 325
841 552
147 155
591 604
594 272
206 762
501 746
232 593
647 543
113 978
426 49
857 499
307 974
716 402
125 704
155 642
73 407
691 628
226 860
549 638
843 785
346 795
166 6
630 635
575 430
887 72
446 278
873 522
969 971
791 646
497 302
321 112
925 732
730 308
878 740
851 147
496 98
957 235
728 269
213 843
662 512
369 581
779 804
557 566
89 326
472 378
629 324
369 726
373 6
193 416
981 455
305 814
514 442
880 166
994 178
706 638
448 786
606 666
435 524
19 845
793 866
187 447
116 335
334 258
839 452
965 100
857 619
704 242
79 234
727 455
814 123
158 767
162 738
770 355
468 880
367 303
397 638
46 336
304 95
837 459
343 278
128 813
827 109
291 450
906 967
615 347
750 710
474 453
293 783
233 890
898 530
95 516
244 257
261 178
321 463
581 633
413 23
731 4
346 42
811 236
781 780
357 362
109 505
551 230
609 977
5 206
483 220
411 875
484 867
69 923
159 821
290 548
963 280
354 339
652 910
450 830
604 707
775 7
837 54
863 788
565 410
265 371
907 780
450 849
326 292
865 694
147 883
61 969
246 463
891 778
153 585
472 56
650 265
860 923
917 833
661 870
433 435
839 239
472 423
880 484
809 40
921 614
633 684
192 38
946 243
715 434
740 967
766 579
841 360
608 621
400 98
148 640
666 325
153 814
886 296
979 246
656 179
514 305
584 82
291 152
74 232
438 857
117 150
46 402
819 654
982 878
163 82
634 659
118 608
525 941
358 51
116 64
605 18
186 128
225 366
768 682
436 584
877 81
671 40
33 652
15 532
931 183
57 262
21 419
759 995
758 722
362 448
214 444
879 442
150 760
851 605
381 474
12 761
761 219
973 18
885 838
926 152
693 179
142 683
697 176
129 556
900 746
42 263
785 900
551 871
433 898
247 716
165 475
275 119
459 242
740 65
6 261
467 735
195 716
159 809
751 835
679 38
761 711
227 255
209 536
797 183
121 901
612 234
388 476
356 424
319 548
360 555
566 751
74 761
181 515
644 173
114 742
23 288
134 891
411 2
71 633
88 949
967 9
19 457
965 760
639 401
385 678
478 377
959 714
528 684
624 5
87 927
435 422
148 821
885 839
762 159
165 706
866 945
336 844
463 493
68 403
760 291
231 982
954 335
936 846
520 525
116 54
153 36
137 879
928 301
819 539
360 831
791 449
975 356
600 618
874 9
370 280
405 247
813 154
45 304
138 924
508 142
347 8
675 357
205 426
261 488
444 818
963 194
744 96
86 663
802 220
659 573
897 240
220 681
269 716
631 315
432 921
252 250
180 335
396 828
914 534
613 31
600 934
34 788
811 52
498 233
128 965
66 485
213 370
531 853
364 642
407 406
523 457
179 303
17 696
706 865
75 462
60 634
425 147
333 522
910 426
969 814
803 822
401 170
256 723
227 104
999 766
180 828
30 901
108 413
57 553
829 411
978 823
585 751
769 903
438 709
900 442
730 174
35 539
58 984
865 472
215 554
387 406
70 3
550 971
571 554
485 762
779 537
706 539
503 851
605 263
992 948
476 221
588 93
488 755
512 565
485 773
172 341
390 676
840 503
568 838
54 849
955 6
594 180
791 372
71 76
50 904
417 395
955 119
573 572
666 206
106 385
814 830
890 341
954 69
521 894
573 685
742 44
409 712
31 321
732 498
920 252
703 723
319 218
266 466
161 232
741 509
959 394
48 358
704 358
781 584
182 15
774 21
632 420
194 131
531 768
972 918
8 323
449 503
323 458
930 382
489 982
109 421
555 23
61 706
305 445
86 127
511 742
937 475
277 922
260 72
545 142
284 86
857 140
733 853
735 151
316 871
999 738
7 143
658 54
786 3
169 3
387 9
948 275
634 184
373 916
88 28
179 199
952 581
257 529
22 787
795 17
926 805
766 548
415 288
1000 832
240 725
581 748
243 355
41 533
300 774
853 990
858 808
305 152
968 296
519 733
900 865
619 882
591 255
663 706
794 287
927 217
859 831
453 578
901 574
798 2
675 260
963 269
965 423
141 277
785 833
147 472
144 473
2 557
590 95
793 511
613 198
579 458
30 502
633 818
270 385
678 514
854 147
403 32
322 967
564 429
643 822
788 181
78 525
261 83
872 126
53 209
341 931
242 298
481 994
19 742
123 21
803 594
790 773
972 152
756 775
61 855
333 978
321 10
360 560
605 794
553 743
187 929
189 243
729 38
583 967
605 651
849 890
969 507
866 217
65 446
584 846
127 296
965 985
517 358
23 509
351 912
657 99
541 656
435 333
18 671
457 389
494 1000
118 980
145 716
767 489
418 552
787 657
866 938
960 171
249 916
899 487
947 343
72 955
14 514
279 426
62 782
871 12
728 806
841 73
845 689
741 992
746 950
215 409
534 23
438 120
431 113
172 428
266 825
249 615
842 500
935 529
300 8
361 14
128 185
183 349
632 143
686 428
820 614
305 503
824 609
346 237
863 832
257 372
497 847
171 394
745 33
343 277
285 414
986 317
414 802
574 540
149 447
7 945
873 133
910 514
848 453
316 747
483 362
488 308
416 177
324 602
872 136
99 346
433 786
570 897
96 792
481 526
29 300
416 927
200 806
143 341
610 916
645 243
459 928
192 869
49 940
305 570
288 328
400 274
365 438
38 484
169 91
209 842
305 651
921 502
772 153
23 1
819 94
382 794
844 571
594 674
795 473
989 324
654 268
468 295
514 355
809 293
794 147
353 97
596 27
559 401
267 305
182 396
257 891
610 331
118 722
487 299
127 768
408 242
171 554
667 929
762 481
635 117
788 715
849 419
741 661
110 572
534 418
846 496
188 746
444 860
30 157
214 622
90 936
663 635
160 534
267 842
936 467
202 877
586 954
189 661
560 23
870 308
11 321
12 670
252 251
548 568
95 607
976 231
12 594
637 136
588 460
995 466
243 409
704 901
910 237
433 941
413 335
971 429
455 212
55 830
829 583
663 586
372 930
912 797
753 245
612 56
869 727
602 498
968 379
9 828
601 186
748 831
910 90
364 48
971 24
512 332
122 14
784 517
252 925
93 415
75 188
100 729
467 310
243 167
362 416
184 532
404 717
758 2
5 618
710 161
604 223
544 146
957 280
10 727
926 857
247 696
527 538
410 95
236 687
18 630
614 476
154 86
780 390
158 630
692 714
822 521
434 710
185 692
610 367
352 67
461 671
945 210
177 40
767 135
606 771
129 397
701 757
466 198
429 466
235 399
608 995
2 804
556 387
998 40
46 677
528 228
893 990
109 611
628 29
544 919
889 623
284 973
413 239
659 747
565 631
220 287
607 925
149 277
423 410
6 134
502 345
68 987
397 827
474 414
958 996
372 625
539 879
564 458
466 742
786 956
694 861
76 220
976 82
167 510
119 222
302 874
488 268
472 913
288 612
1000 227
789 552
683 93
388 119
973 944
57 874
389 875
319 750
88 848
40 979
772 428
756 851
886 774
388 405
971 546
749 502
736 955
218 590
40 866
916 899
5 969
5 684
875 416
657 245
360 755
383 153
402 392
919 173
649 921
724 315
676 422
771 394
511 37
45 657
463 134
676 178
137 30
520 793
888 691
11 670
231 59
126 343
78 561
18 580
730 903
774 761
576 16
758 776
809 343
344 596
625 709
738 316
817 647
512 935
348 27
685 594
957 911
728 617
953 580
720 713
356 344
868 593
371 91
793 785
764 514
908 292
582 407
292 577
422 528
722 10
906 965
615 341
917 195
591 284
445 706
272 199
689 300
324 321
720 390
741 16
246 918
927 911
397 944
474 229
94 714
919 815
688 371
319 991
285 219
337 756
103 965
513 745
521 166
317 347
89 228
471 982
810 76
260 45
437 719
213 11
70 652
71 93
109 170
541 349
249 351
529 381
765 959
714 947
900 492
294 855
888 898
155 63
621 160
71 131
93 455
311 432
230 544
411 326
240 788
989 210
836 640
567 528
861 883
516 306
679 678
794 188
705 495
923 336
231 95
224 215
645 739
724 172
562 3
546 668
547 429
396 327
954 425
943 641
540 903
975 386
617 674
707 996
567 212
290 160
953 608
92 244
683 863
614 81
191 545
126 906
875 647
146 931
333 79
318 765
945 853
158 10
215 111
594 436
413 72
270 499
329 701
538 543
621 7
509 592
238 22
393 435
593 5
423 128
17 577
694 773
241 869
773 154
596 787
688 494
462 969
85 274
12 936
787 18
293 357
129 716
60 281
392 10
545 196
188 454
659 76
607 19
557 789
178 950
144 975
471 875
476 695
437 951
403 763
44 979
423 708
156 961
52 786
315 749
296 196
944 833
510 530
796 145
853 480
195 778
550 384
532 651
712 947
135 714
463 201
445 366
429 809
321 672
782 855
70 37
770 871
535 421
79 793
288 646
330 257
370 850
814 215
136 986
557 198
163 483
715 702
862 291
213 827
723 155
743 805
430 847
270 992
119 915
654 142
646 542
774 483
97 325
116 167
836 184
513 331
567 56
959 743
827 407
685 77
872 620
985 787
875 611
572 577
702 656
579 858
233 935
513 21
641 88
458 772
974 452
635 588
707 203
409 524
102 643
506 520
930 118
470 167
313 104
516 368
940 323
155 925
686 683
871 725
824 348
988 599
996 122
542 426
584 380
638 563
474 4
875 28
1000 396
753 244
259 649
481 553
706 34
530 372
38 39
986 74
463 911
778 969
193 191
526 274
568 413
843 37
58 887
956 796
706 375
156 852
175 232
417 988
143 140
294 327
666 665
593 975
815 486
631 819
654 382
602 567
841 341
899 117
480 889
334 698
120 770
122 238
174 35
585 856
947 353
25 427
606 998
148 698
735 646
3 217
226 498
745 642
11 706
619 105
413 682
179 568
970 789
728 799
396 271
163 108
951 479
590 645
793 933
232 521
488 915
675 393
72 210
977 354
689 438
854 1000
489 408
602 98
825 726
579 494
284 637
64 381
752 957
197 212
695 361
608 177
493 337
270 186
332 849
669 334
781 916
637 58
433 818
996 143
359 965
63 80
375 194
101 621
17 632
218 11
802 307
657 741
75 453
60 681
833 367
887 212
191 333
964 579
878 393
437 717
187 790
938 34
367 652
377 714
852 556
320 501
963 653
714 525
201 598
330 818
256 689
481 678
138 701
485 834
611 314
821 920
697 682
365 492
757 538
574 224
11 951
389 524
808 360
402 132
169 402
368 387
784 753
692 794
364 315
790 443
101 824
242 420
412 577
277 461
985 465
18 603
843 927
675 327
605 154
733 453
440 788
292 797
188 990
943 606
714 306
608 931
361 391
841 909
186 90
44 140
462 391
145 791
129 138
354 955
400 483
836 7
34 9
904 14
789 919
917 194
336 481
765 942
615 421
708 89
492 732
474 115
494 118
152 499
868 538
198 778
678 512
418 394
590 204
867 937
392 305
293 767
555 228
973 333
152 657
318 2
530 410
837 814
826 593
403 256
631 262
686 957
946 682
982 84
308 387
471 977
448 889
347 687
296 459
117 573
248 836
523 608
446 305
1 906
255 643
695 934
61 966
736 131
411 59
578 195
65 444
752 210
787 949
862 155
151 42
339 826
178 68
783 545
307 280
803 107
273 344
240 789
540 314
412 933
822 980
70 73
291 780
883 678
944 610
139 448
129 298
130 5
87 969
406 190
390 723
690 461
875 971
201 232
699 377
37 244
206 347
209 74
488 604
785 624
326 528
371 137
353 662
997 709
900 659
125 394
56 751
609 453
457 592
522 500
500 850
328 963
258 562
742 234
279 872
675 191
56 973
862 31
439 614
833 747
171 396
742 837
484 93
926 12
825 895
38 636
920 933
388 923
467 898
263 453
893 344
677 795
481 802
869 479
864 911
786 901
548 740
937 631
555 356
226 726
243 556
501 592
392 188
322 165
199 233
373 534
501 449
462 889
160 39
329 592
825 315
553 782
743 893
801 290
861 658
939 844
153 723
562 529
31 726
674 643
201 767
865 576
23 402
83 767
999 949
910 158
903 600
843 137
183 680
942 303
303 883
162 869
890 429
528 737
974 764
576 187
919 69
787 687
865 147
850 457
745 677
193 542
560 638
988 320
585 157
345 928
35 188
609 7
650 579
82 129
339 274
987 718
906 280
163 192
442 9
409 832
908 286
768 649
594 119
962 935
25 144
98 870
602 817
707 386
517 659
439 981
668 769
906 922
506 934
679 61
816 995
673 878
11 323
621 624
493 253
561 945
564 496
740 61
967 533
289 214
364 622
897 407
904 405
516 590
68 520
747 987
551 171
755 500
186 569
740 96
777 250
869 324
321 214
782 325
152 611
57 844
242 368
570 530
423 538
869 550
237 485
201 522
956 686
740 725
812 842
688 888
672 93
90 653
820 333
70 868
476 523
863 169
313 773
904 928
762 988
65 356
69 404
127 226
865 477
166 474
593 974
44 726
136 665
178 12
26 232
410 75
583 316
115 520
442 344
540 401
356 161
799 356
358 688
822 527
386 749
897 740
58 680
206 352
577 668
11 850
249 632
894 141
351 151
233 131
813 473
48 221
269 325
805 565
607 761
850 94
462 424
120 191
67 344
768 661
418 18
59 812
686 379
923 839
693 421
196 131
772 820
20 945
646 805
689 262
298 577
285 467
984 229
935 313
461 178
65 585
676 619
203 967
590 241
404 310
99 694
341 861
747 822
570 869
717 210
68 107
223 281
777 133
778 342
191 255
146 428
203 805
259 599
400 267
467 664
31 698
255 537
899 519
170 457
812 520
669 945
35 703
293 397
631 67
834 227
182 927
518 585
482 201
288 370
109 998
990 113
61 131
500 485
782 925
911 571
914 365
365 525
120 688
620 5
150 74
244 785
465 548
290 428
466 503
212 247
819 265
572 87
279 387
724 704
908 448
620 954
76 856
239 508
576 304
996 665
707 197
508 467
290 154
767 738
462 388
984 900
148 786
632 118
188 684
561 142
375 530
488 174
396 993
772 808
171 419
745 74
229 121
493 308
372 599
674 73
697 152
845 48
68 272
599 1
621 713
473 425
705 534
25 644
320 564
30 663
193 438
252 259
955 566
920 663
170 26
82 830
13 576
143 461
165 261
725 317
764 277
751 521
406 640
122 213
250 14
912 517
948 323
268 368
148 942
899 174
94 38
532 926
468 370
62 723
209 358
305 846
417 884
953 938
294 355
224 378
22 173
371 509
210 837
83 433
179 962
128 624
776 528
425 582
46 406
876 364
344 562
145 583
713 4
794 463
801 907
552 277
650 654
318 528
889 948
618 26
376 865
326 942
253 37
453 547
790 899
276 108
150 525
85 732
203 673
292 758
501 908
146 579
441 901
774 65
544 978
265 215
747 865
626 882
509 622
111 270
498 193
315 797
321 344
817 627
38 863
920 836
686 879
394 535
927 643
587 754
554 265
592 76
117 623
797 179
322 213
389 929
673 382
251 342
60 432
868 463
616 352
213 158
344 35
40 828
772 245
864 405
939 620
580 958
52 643
805 75
933 6
202 16
246 201
174 922
322 665
767 313
344 833
398 546
985 458
170 965
88 326
291 811
386 237
188 161
237 397
296 770
11 809
837 109
231 978
949 675
89 973
3 413
867 730
245 722
182 173
178 928
439 822
667 595
742 64
637 321
380 750
362 801
508 273
935 566
292 564
498 289
779 10
263 245
893 936
785 893
716 935
147 420
789 93
936 767
955 333
774 259
68 994
125 143
452 246
846 145
439 581
158 247
414 797
788 10
437 420
556 990
629 688
108 981
890 159
719 848
319 785
711 531
130 834
574 793
832 636
742 723
708 967
801 227
470 502
492 346
937 483
385 836
939 285
977 994
817 889
344 481
53 483
180 143
878 354
223 107
136 45
174 613
438 383
556 182
972 306
259 425
373 779
766 850
910 200
166 328
615 571
482 149
966 163
805 111
218 651
313 885
724 401
834 465
912 363
576 152
39 824
709 340
175 456
767 418
89 527
625 589
811 813
352 471
426 930
649 685
157 818
383 314
844 723
323 711
909 884
713 115
202 712
409 946
832 139
34 257
841 919
127 694
702 848
500 868
194 731
447 319
181 368
827 290
6 133
686 491
45 417
983 191
986 321
548 456
882 302
590 71
224 588
885 649
828 884
376 646
638 883
454 494
106 909
366 22
57 10
6 423
815 727
513 9
925 147
854 315
780 698
143 202
133 32
225 967
872 6
802 305
398 258
787 475
626 13
939 232
338 965
814 382
137 182
839 339
777 102
374 190
69 708
626 495
274 408
321 979
326 332
991 74
337 691
979 387
959 697
785 367
754 621
576 885
518 872
904 812
945 384
28 508
66 683
927 367
199 645
990 144
467 53
31 860
657 421
916 600
990 291
524 979
139 311
326 923
898 56
917 268
370 747
426 809
653 258
733 116
538 138
645 942
885 297
742 482
449 841
250 752
586 886
647 758
914 833
21 25
278 696
63 946
689 71
780 794
619 258
103 429
231 760
780 67
86 608
159 508
958 564
148 456
836 400
531 578
508 33
220 621
539 991
349 783
868 769
797 283
156 389
301 684
171 985
324 723
199 481
200 449
579 95
969 843
933 604
589 42
683 45
321 130
8 355
704 960
688 453
617 289
446 469
657 650
655 131
323 426
60 591
43 795
753 178
347 673
666 795
616 246
429 655
618 812
178 913
730 354
325 590
938 919
522 598
709 1000
77 495
942 678
670 753
451 905
101 969
632 433
182 666
74 51
112 194
610 65
847 668
61 279
814 335
339 941
601 258
73 249
348 805
277 495
832 122
795 366
10 746
762 247
943 798
572 116
420 505
406 188
559 366
233 396
710 910
527 716
415 38
978 462
136 467
463 298
358 52
694 434
144 378
515 285
763 993
358 391
381 126
132 155
936 629
185 985
79 491
618 27
34 184
909 320
119 607
194 946
121 658
267 802
638 35
612 716
298 884
150 765
501 907
172 861
905 350
413 69
566 53
324 672
663 531
812 397
891 396
907 355
266 377
565 835
894 529
399 7
863 610
133 983
171 172
890 716
892 18
74 945
493 57
475 722
852 640
194 118
857 302
802 377
942 661
88 668
627 581
539 487
848 912
587 357
139 981
359 630
70 751
108 438
280 114
268 213
227 448
395 332
943 510
766 823
251 454
217 218
942 706
692 813
766 146
465 833
396 177
969 369
202 96
420 63
520 837
153 924
249 971
909 109
892 811
736 563
386 234
10 654
693 907
823 280
550 752
129 308
150 226
482 562
614 726
180 865
586 172
956 302
581 87
879 662
456 88
220 17
516 710
421 774
404 440
49 223
34 365
152 224
832 514
470 825
67 271
572 604
976 957
563 27
525 626
20 14
802 87
25 944
252 247
168 936
150 776
9 356
693 146
128 394
275 41
4 681
243 413
831 36
851 858
712 436
777 248
796 268
356 363
213 494
640 288
803 940
53 277
990 750
718 670
425 150
523 668
687 714
265 317
913 377
734 723
934 17
627 545
296 389
318 962
118 340
339 553
964 776
435 122
471 776
43 513
40 486
938 766
217 423
607 150
439 288
540 435
539 158
101 769
523 333
892 728
736 608
246 4
476 299
666 279
259 215
249 999
68 412
899 391
576 8
147 42
62 891
124 836
16 95
810 889
6 574
650 809
432 495
250 618
737 84
667 897
300 866
654 697
534 467
422 921
356 348
97 358
280 898
390 443
383 1000
224 879
268 128
196 141
471 21
103 89
637 70
251 759
162 156
845 185
127 946
155 973
234 634
327 715
219 450
275 468
367 826
208 81
284 286
671 402
215 886
475 749
574 683
798 787
677 674
535 836
350 922
61 733
8 471
367 603
891 146
650 581
791 559
424 679
557 713
173 788
356 414
765 550
382 666
570 564
95 115
833 142
138 696
624 789
166 282
922 588
939 550
445 433
724 939
4 336
763 299
818 296
947 160
987 927
839 150
911 517
849 914
667 33
596 377
875 194
268 428
16 413
598 59
296 957
6 760
157 521
745 722
822 638
527 117
314 833
431 64
338 786
267 381
17 276
883 493
477 260
595 417
67 536
387 867
642 50
348 23
811 649
261 760
922 290
871 197
287 916
699 60
628 462
763 461
557 54
337 147
233 66
92 131
202 975
242 784
511 829
826 859
802 174
654 951
660 304
137 277
437 106
721 983
868 770
371 746
860 446
494 228
99 724
981 734
271 100
203 882
664 448
497 17
460 99
9 13
561 155
655 130
476 905
368 258
424 756
750 247
630 601
243 883
619 712
887 328
268 524
730 355
986 777
818 766
765 955
914 173
146 195
60 285
499 999
939 514
905 438
908 979
679 636
297 198
210 545
653 865
377 112
261 306
274 558
596 157
455 732
981 485
452 757
914 478
753 590
168 196
207 109
580 649
727 874
488 673
676 164
823 311
770 161
116 910
917 918
277 351
923 54
192 329
102 204
598 705
970 808
844 833
442 129
751 201
49 33
508 386
880 565
437 17
432 262
153 451
547 143
766 1
968 472
287 904
245 777
718 164
500 861
871 894
70 872
931 189
436 709
399 499
772 895
771 580
479 545
560 145
888 254
138 75
622 437
909 750
857 379
133 938
225 691
63 183
929 317
893 228
215 984
661 238
258 851
133 837
191 83
911 362
497 196
151 673
134 305
483 145
781 810
947 574
678 690
899 675
192 557
468 650
569 97
592 78
82 800
678 399
972 185
796 463
230 791
748 976
160 425
852 73
570 748
795 769
404 228
407 223
710 412
736 871
58 863
403 620
540 123
320 222
193 320
986 527
74 453
813 558
364 585
559 190
743 429
355 500
201 990
760 557
357 707
835 975
399 994
398 723
257 973
990 361
376 451
49 355
893 610
175 423
692 755
179 544
384 456
809 441
757 19
6 595
835 642
580 636
687 312
969 35
370 396
510 157
992 140
221 214
884 906
900 919
975 509
710 890
125 314
68 495
722 572
341 215
187 219
266 198
603 595
361 92
932 663
127 621
665 52
525 393
775 971
499 202
872 592
488 857
345 752
953 497
628 181
449 594
506 933
241 99
21 306
977 36
944 171
229 191
51 691
983 10
161 183
34 959
676 626
110 146
310 976
446 176
384 705
955 666
722 387
494 271
96 842
178 628
271 205
221 946
477 552
299 764
217 27
894 895
274 434
360 916
360 525
490 964
87 746
218 631
256 856
60 342
61 11
264 371
653 711
216 76
277 723
156 848
332 720
221 374
969 187
110 607
377 40
840 688
783 538
92 709
184 648
295 928
534 55
689 925
784 951
435 569
878 783
106 840
434 707
474 948
827 888
685 378
713 113
839 753
879 580
36 226
484 432
205 661
465 360
339 307
267 62
346 634
914 859
367 385
760 35
103 395
626 756
703 584
376 830
836 47
933 219
823 803
555 577
438 327
441 225
404 467
651 114
724 676
55 714
884 418
542 232
85 515
360 30
734 880
721 123
629 658
208 82
691 863
108 571
923 887
845 410
459 291
886 718
726 770
446 63
873 977
178 649
585 750
648 953
133 494
354 326
669 29
194 447
178 536
578 295
39 261
960 618
62 254
190 947
360 986
606 507
626 493
437 634
222 480
251 389
728 357
286 24
145 131
697 686
330 897
44 919
463 879
164 264
117 488
924 258
305 726
516 180
866 17
204 648
211 220
249 17
516 347
996 983
482 921
304 409
302 116
140 119
678 499
936 238
767 725
465 682
27 687
525 100
286 424
287 113
179 536
882 257
205 552
328 205
831 709
319 433
747 314
784 192
112 755
349 762
69 310
889 925
396 188
396 525
533 188
370 346
120 333
360 348
107 953
627 8
289 945
514 468
399 188
147 335
555 314
955 484
149 421
357 258
493 194
720 266
702 398
208 62
981 733
178 730
105 458
289 147
553 958
237 189
939 185
741 253
890 537
48 614
748 719
401 330
754 120
939 214
838 32
299 695
985 436
434 858
671 542
900 678
474 863
522 709
959 872
43 5
499 104
311 745
916 573
701 289
425 126
78 928
283 72
302 468
648 530
381 945
958 291
192 910
117 843
50 292
863 226
9 601
49 612
321 735
4 452
887 617
726 553
239 718
224 381
81 676
661 421
10 744
130 57
748 448
219 562
310 367
760 270
867 594
818 146
358 91
841 115
474 620
455 803
794 91
297 641
742 317
887 828
362 213
187 190
442 288
872 998
291 332
811 517
872 629
979 827
525 763
106 309
252 260
676 889
831 479
527 427
827 364
840 467
560 97
342 363
489 741
608 381
147 363
384 887
441 906
601 740
484 40
512 115
694 879
915 878
42 270
673 160
711 552
379 67
198 616
237 161
898 787
701 730
891 236
138 908
17 725
503 181
327 432
699 741
739 816
137 205
347 655
97 720
647 914
212 263
393 427
860 967
8 436
147 660
442 780
494 573
297 7
540 965
942 593
636 894
451 982
929 602
203 349
494 940
10 987
496 775
924 475
468 79
714 803
1 692
364 232
23 516
592 395
518 935
408 690
62 611
669 521
838 384
896 903
854 802
314 548
533 686
723 832
598 512
766 614
309 879
164 38
311 177
226 491
524 774
585 816
107 436
534 235
757 18
606 697
672 608
358 71
451 419
514 159
751 512
424 259
500 924
68 184
292 928
757 308
667 596
321 972
48 132
509 58
983 950
429 355
659 868
272 572
571 48
438 457
591 189
798 377
655 656
233 25
452 317
346 344
882 438
124 341
863 930
518 251
835 903
70 560
881 711
898 725
793 441
726 489
160 778
788 132
147 244
32 308
161 400
444 864
508 374
479 216
491 470
925 430
86 106
624 525
380 371
643 645
496 144
556 654
613 843
963 660
198 387
57 961
543 499
349 578
692 237
731 513
705 60
807 748
835 767
239 45
696 343
678 155
938 764
776 239
774 232
787 943
342 652
491 66
95 332
481 488
49 684
875 216
948 548
754 727
4 412
173 259
156 681
691 250
527 608
196 910
993 486
892 611
25 308
334 302
16 284
799 352
984 287
503 985
193 589
998 303
58 295
461 874
989 308
332 537
171 669
577 946
447 312
653 509
215 204
309 58
224 865
278 514
617 782
229 496
7 872
975 615
538 512
814 547
998 268
363 979
646 936
280 209
464 94
431 618
17 994
327 709
219 452
204 400
77 926
81 475
105 493
821 47
143 215
254 718
848 387
406 815
66 448
263 670
592 120
591 890
407 435
726 215
363 543
751 640
890 484
433 685
731 764
871 252
746 591
812 923
905 271
874 816
854 250
271 454
293 26
650 41
667 261
226 111
902 684
209 891
709 898
486 517
583 105
144 966
49 639
892 240
130 280
792 949
387 507
575 618
64 28
27 896
980 26
249 16
954 646
696 871
969 271
92 682
35 269
828 86
948 687
273 401
899 485
258 487
316 273
837 145
788 939
76 965
311 110
514 433
296 733
847 426
101 406
905 933
926 601
139 185
435 818
954 270
646 584
580 452
546 596
710 835
457 959
116 228
758 607
210 161
673 607
927 198
965 287
931 131
880 745
789 33
927 660
841 658
497 932
578 967
9 448
120 445
674 466
930 72
253 383
593 130
665 269
663 814
711 694
200 452
719 108
70 330
426 138
445 958
199 371
494 341
333 745
760 619
707 420
925 485
635 219
26 854
522 883
66 87
449 69
912 859
765 599
930 524
386 558
441 553
498 522
834 80
283 218
740 282
407 181
65 6
696 160
571 796
218 556
624 728
818 847
529 256
639 485
184 611
386 995
45 606
399 561
395 627
667 15
572 128
684 970
187 354
577 318
10 745
395 849
912 197
326 875
205 634
979 111
373 260
283 548
897 800
715 537
689 134
690 345
84 430
767 837
422 852
519 318
477 407
206 207
543 180
234 252
197 776
625 965
792 583
81 871
851 263
580 335
820 766
215 244
842 590
845 797
183 346
646 854
793 130
778 214
114 530
236 207
154 767
564 618
158 159
345 436
107 821
399 147
147 362
419 753
57 580
695 477
185 396
242 103
207 971
657 730
894 615
80 611
935 35
170 107
743 922
389 139
82 911
817 704
187 552
618 611
104 378
809 705
656 694
973 590
891 973
543 844
239 20
164 611
39 605
80 402
902 741
463 945
725 78
303 24
861 542
109 793
539 262
23 425
351 876
374 391
44 751
210 515
947 154
948 577
397 197
74 82
293 806
638 970
631 730
136 625
54 547
633 946
430 230
892 917
676 218
506 974
275 803
862 293
993 74
22 60
767 359
858 888
514 156
991 976
6 992
228 592
267 20
89 834
399 563
435 874
596 336
409 843
447 263
290 222
917 35
461 935
98 106
589 427
510 460
662 473
920 232
777 545
7 236
870 348
484 239
986 282
267 835
531 526
180 672
592 736
21 304
785 925
613 182
560 14
779 236
587 328
293 592
973 46
719 574
560 413
337 788
817 514
447 219
584 275
837 975
380 90
406 768
155 512
318 76
925 60
159 868
720 98
544 720
38 206
791 516
264 23
377 754
469 194
844 402
995 6
703 345
246 412
601 131
48 781
86 309
751 589
476 657
299 924
874 876
835 766
231 473
929 613
948 263
821 575
680 701
628 787
790 550
762 985
619 944
567 688
142 485
914 258
588 877
957 416
444 213
11 538
856 13
896 868
605 494
643 209
165 797
991 641
377 159
847 477
465 588
926 979
948 891
76 930
476 68
22 472
650 913
409 5
345 903
396 261
788 519
898 195
334 457
82 94
304 172
954 218
747 481
197 960
988 973
555 562
59 803
808 793
154 533
391 800
985 881
859 856
533 23
992 359
30 115
786 661
38 558
940 142
389 400
698 968
391 710
481 983
432 957
87 215
940 285
708 769
836 350
205 882
8 331
857 506
111 247
330 651
29 380
666 801
180 248
762 680
946 531
640 702
189 231
952 879
478 31
877 331
587 139
899 185
675 415
705 250
627 637
943 32
644 899
169 181
757 774
994 216
575 917
889 502
600 127
678 358
917 566
644 786
461 602
758 144
334 267
889 208
504 50
468 469
311 105
426 789
614 20
266 954
253 826
163 14
275 968
443 270
484 498
945 64
638 215
550 793
310 82
572 801
132 854
993 860
388 760
500 836
301 885
656 268
669 822
935 762
564 874
774 316
278 559
300 435
671 204
200 231
57 354
702 594
738 891
954 189
119 484
409 605
68 806
141 942
356 572
691 780
492 617
333 279
462 581
113 270
234 748
94 604
43 910
172 554
359 872
802 337
753 293
347 564
720 42
132 200
890 406
468 736
329 702
296 433
226 814
498 391
838 617
985 43
783 152
551 332
442 886
620 305
583 959
165 537
861 569
591 305
44 885
728 242
457 316
667 401
135 735
616 551
28 429
199 724
662 660
420 7
67 842
230 682
545 750
585 905
89 730
550 377
438 935
38 741
849 780
355 888
61 388
210 830
529 178
415 413
606 928
991 622
371 369
351 719
102 195
818 144
729 539
287 87
776 740
724 794
144 382
951 29
556 435
686 218
767 981
145 868
461 189
368 790
148 188
242 819
133 672
831 473
128 32
517 714
208 254
445 563
561 830
287 568
91 171
789 806
773 481
276 847
225 801
119 377
945 552
588 416
293 524
276 830
321 339
124 128
752 729
697 40
881 315
954 697
531 945
175 303
830 95
109 246
956 529
647 908
139 969
925 746
948 189
237 338
248 725
943 506
126 730
696 189
199 922
38 284
4 132
815 188
981 164
202 29
221 367
147 628
614 718
122 468
676 485
115 645
277 414
539 39
406 114
304 468
156 621
325 98
456 751
196 749
978 652
28 599
267 297
620 217
412 822
841 156
594 861
275 802
844 785
524 919
853 557
654 566
328 184
699 411
82 123
465 257
582 308
196 503
90 670
567 128
755 864
24 256
872 964
85 921
124 625
760 152
586 906
271 628
278 927
375 544
67 499
569 597
239 17
3 719
546 383
530 792
927 814
161 219
767 559
846 154
603 483
640 151
108 654
785 914
788 23
989 658
191 112
746 505
933 655
297 684
772 515
76 176
792 193
47 529
782 476
160 891
948 1000
797 225
1000 499
982 39
308 466
772 289
669 935
302 560
284 75
657 999
765 542
179 423
252 695
172 671
535 514
756 839
834 153
564 50
568 53
696 234
293 100
277 879
616 174
174 729
30 797
900 206
537 859
226 56
83 673
691 478
373 40
11 541
217 468
439 429
387 302
745 762
796 914
344 977
736 467
199 557
516 497
594 529
461 518
26 101
245 415
616 797
102 312
123 895
822 513
168 302
571 937
651 427
600 305
709 113
951 167
527 84
171 526
486 133
513 319
456 120
183 255
849 485
900 773
704 398
907 227
513 168
789 11
25 886
462 477
393 762
565 628
289 825
166 212
884 167
7 211
279 942
104 872
871 528
985 993
432 815
487 779
305 431
276 144
404 333
557 257
320 768
929 250
803 641
806 544
48 750
307 939
533 345
293 708
32 232
722 610
318 105
998 767
285 864
819 463
967 900
738 643
722 757
942 834
707 347
964 586
108 724
660 707
646 490
440 659
29 492
160 101
622 917
515 573
454 891
998 744
357 24
597 217
155 442
799 893
502 23
805 300
471 808
278 420
935 677
929 532
672 127
459 65
143 570
521 753
990 123
48 488
445 318
287 463
251 723
843 343
774 983
351 564
130 393
277 470
495 441
944 637
874 498
395 823
571 446
274 1000
224 195
336 781
653 172
732 875
749 289
699 338
438 250
24 602
390 377
30 86
36 257
935 919
457 812
132 960
421 841
671 937
619 360
324 695
917 489
99 796
120 225
907 15
513 180
793 164
703 617
64 13
154 630
837 723
453 730
57 353
115 471
298 669
944 231
72 290
147 336
18 369
462 731
980 924
26 362
381 409
533 268
787 259
872 472
584 300
629 915
174 686
699 621
612 410
850 531
190 112
925 483
72 557
622 87
661 537
664 371
722 729
796 368
742 668
376 707
353 33
418 415
829 760
830 51
526 776
928 23
714 552
199 32
844 475
403 743
423 728
134 661
506 126
548 576
95 224
244 558
10 751
672 411
313 839
500 455
429 829
675 957
838 411
605 420
776 420
550 495
273 337
519 884
387 473
410 26
954 643
921 388
269 997
460 912
761 935
289 689
469 686
550 713
885 246
633 5
154 150
482 555
699 611
430 827
16 155
969 11
383 761
263 671
71 844
547 179
453 412
606 594
440 533
962 742
836 211
811 919
208 352
741 346
716 520
313 362
46 437
635 696
139 373
971 602
812 628
684 189
508 958
454 647
789 662
890 713
119 233
365 105
517 892
555 57
208 940
686 881
285 808
587 744
769 635
240 285
901 110
722 701
282 734
134 599
997 501
69 758
288 210
119 28
679 318
810 187
632 929
545 830
105 999
201 736
644 38
761 408
987 938
93 291
994 691
166 433
192 28
744 601
838 391
732 670
126 437
437 464
653 18
604 499
340 499
415 483
73 152
738 620
903 590
576 383
232 887
103 44
343 541
179 548
102 236
358 122
231 968
738 508
275 515
51 149
319 458
598 963
162 403
816 188
552 646
609 363
883 116
276 14
388 576
280 73
851 402
979 585
931 298
388 983
91 337
730 880
305 250
717 86
241 357
663 848
7 908
440 109
919 879
318 114
677 649
894 897
592 927
848 41
96 846
961 225
624 512
198 631
147 983
920 725
542 332
498 398
472 220
261 691
517 114
729 592
78 984
26 575
609 362
338 765
526 192
658 456
970 502
113 367
62 288
924 395
1000 545
731 947
340 49
692 782
895 769
145 453
224 474
799 591
781 240
333 5
585 635
364 350
795 444
689 913
373 216
839 975
145 743
306 802
597 745
357 628
627 603
509 281
770 101
607 448
754 948
280 745
427 522
728 743
68 264
828 201
223 514
42 879
690 287
563 727
747 338
231 893
633 287
138 301
211 753
638 8
915 751
111 904
222 173
527 846
632 97
63 789
86 606
827 312
167 827
958 514
760 773
890 821
873 42
431 902
802 246
16 687
806 726
368 942
261 323
246 899
447 104
86 824
694 955
255 851
237 836
638 558
60 835
530 543
843 556
471 743
219 374
368 652
170 158
722 611
765 735
626 7
475 529
522 858
905 82
568 244
750 220
623 342
645 16
425 245
606 511
716 107
627 512
316 889
913 233
588 941
403 571
208 545
428 573
890 197
448 464
450 610
549 982
553 403
438 703
965 678
306 101
70 970
531 420
370 944
745 836
395 985
61 460
382 859
897 450
735 861
314 731
576 250
832 20
889 101
727 861
875 86
516 470
365 808
974 942
666 487
870 847
317 581
837 158
315 108
818 381
415 217
272 345
756 145
166 901
633 330
543 221
558 506
345 643
381 197
589 480
827 471
975 727
484 769
466 965
784 482
508 200
399 267
785 108
3 774
300 316
873 6
384 554
159 395
533 410
519 155
405 535
485 345
571 321
294 305
151 664
868 926
831 234
94 448
941 598
929 118
590 453
531 806
270 318
219 338
350 1000
120 429
501 580
621 339
379 40
414 633
185 343
829 646
464 746
765 596
420 589
904 178
99 6
104 372
468 849
605 784
921 849
95 82
905 296
69 563
202 148
41 18
227 315
448 60
506 238
329 367
94 41
248 409
526 474
140 305
801 745
508 987
363 56
109 596
511 192
404 654
574 486
353 226
655 1
268 77
537 556
613 701
41 861
486 913
70 208
182 446
618 255
766 296
468 491
56 321
330 500
723 119
706 426
687 400
936 923
684 378
44 217
263 121
343 463
146 777
119 708
46 746
784 447
896 281
237 601
882 398
862 904
793 135
189 790
428 350
398 884
626 907
326 753
147 510
980 834
85 979
141 976
20 231
77 978
977 76
781 498
474 349
773 368
333 865
975 894
726 304
307 994
768 144
113 919
114 424
99 324
198 520
806 331
460 275
906 437
543 952
30 517
696 97
968 710
811 909
863 415
901 254
744 813
303 180
820 450
199 7
75 61
312 729
921 813
494 705
460 497
213 167
786 65
476 575
517 319
296 205
888 963
2 355
890 939
725 173
448 183
526 438
766 539
624 48
614 607
316 502
211 152
74 160
13 244
741 808
153 791
486 957
457 137
184 975
331 672
150 228
941 167
357 928
193 647
895 416
491 934
790 52
23 991
945 61
124 540
987 390
749 795
220 495
257 19
115 195
941 398
304 590
837 392
107 615
401 936
772 954
134 230
989 684
121 711
196 151
822 103
682 730
55 332
495 389
208 333
802 211
452 328
110 292
42 716
650 399
554 990
633 461
159 579
549 19
815 824
337 777
15 384
207 936
703 23
461 488
203 817
756 931
299 354
307 879
610 620
726 62
963 664
583 867
911 920
852 896
869 558
912 565
70 717
632 454
456 881
164 386
221 687
627 980
666 972
888 852
80 625
712 345
635 481
624 894
236 108
709 965
153 544
815 82
726 651
503 518
126 583
326 5
199 777
250 291
269 987
594 527
946 865
308 105
83 385
996 911
971 411
128 640
145 742
495 628
560 643
813 303
49 386
163 390
916 996
954 391
573 367
755 607
680 23
141 451
549 454
223 943
225 993
461 870
972 297
427 666
802 930
875 792
880 626
920 297
166 746
79 312
779 478
596 801
751 490
515 488
554 311
660 282
845 802
924 663
817 321
968 243
932 918
538 557
315 636
372 635
753 476
645 781
355 776
99 437
935 23
116 759
63 284
915 27
365 48
593 469
398 54
881 82
222 346
521 1
651 487
282 535
86 229
237 391
648 156
331 989
156 915
948 375
165 75
352 590
294 801
528 961
855 640
700 327
593 913
135 756
329 579
676 424
804 741
683 672
614 660
481 8
925 867
733 53
53 856
573 145
940 628
960 90
32 621
978 338
887 934
600 352
709 450
766 269
657 303
862 736
168 268
79 254
434 627
953 737
331 247
185 952
357 218
431 839
603 670
660 335
148 155
794 661
483 524
603 769
592 540
101 86
428 266
512 509
877 565
127 524
152 508
851 570
545 379
843 634
830 324
423 150
775 445
307 905
824 285
151 520
952 65
437 647
59 877
461 839
713 1000
329 675
83 908
126 850
18 97
863 459
9 866
283 79
213 130
607 54
667 485
902 652
688 824
339 852
691 491
434 64
127 221
22 859
900 297
724 353
961 881
523 982
139 541
639 374
291 934
645 567
938 579
45 516
101 835
373 919
306 153
823 412
439 407
226 448
67 988
254 434
257 788
331 647
173 216
727 721
304 265
652 10
266 482
215 988
440 936
495 130
261 710
944 456
599 520
391 71
672 807
106 431
569 973
567 46
738 568
45 192
871 580
180 601
186 502
544 780
764 943
253 695
655 552
582 632
881 589
863 949
440 373
445 764
580 105
530 834
513 944
825 902
552 970
94 797
518 163
370 93
246 968
856 812
727 123
118 814
381 443
418 423
313 203
425 385
208 31
483 151
66 405
358 853
787 431
848 79
186 554
523 237
427 332
545 97
314 726
167 262
657 547
333 538
32 11
964 652
814 155
401 75
50 370
639 389
883 879
421 378
776 327
596 328
154 423
136 742
106 956
876 72
623 845
539 56
874 441
549 207
399 1000
18 521
659 359
850 446
266 543
268 193
624 287
328 300
664 646
112 451
993 78
172 357
796 687
317 765
859 594
434 571
888 323
480 325
945 909
504 331
488 816
328 921
862 986
868 531
45 292
840 52
521 735
775 86
104 783
67 389
877 620
54 141
792 38
208 221
945 760
171 993
837 570
677 853
932 962
38 913
683 332
483 979
371 680
464 6
154 209
787 462
953 70
882 228
989 768
525 510
388 247
262 728
933 541
327 258
865 959
424 547
955 769
425 270
777 225
82 879
131 444
204 222
665 916
890 461
601 790
929 799
658 439
397 289
882 857
921 927
431 480
174 621
623 530
496 115
575 671
925 636
808 164
606 291
865 872
153 551
256 845
210 592
834 438
28 353
636 526
41 382
329 294
221 368
294 920
614 745
886 66
912 355
696 442
753 703
865 325
629 484
672 675
643 98
628 684
221 18
974 592
406 140
779 610
84 798
288 811
897 755
352 94
116 495
11 845
395 234
560 994
797 971
543 251
456 123
361 74
699 134
793 205
825 603
962 556
746 151
604 25
197 605
181 376
589 331
883 82
223 733
671 357
355 235
626 976
794 592
324 743
237 834
73 929
989 755
190 200
863 675
720 179
649 377
329 388
473 453
381 724
826 579
83 770
782 302
415 552
113 47
539 567
722 643
87 535
697 327
972 255
478 112
523 719
69 605
36 618
678 41
627 947
614 939
705 77
597 87
174 760
636 931
892 533
920 463
731 913
331 303
244 580
134 974
31 550
979 206
435 381
75 802
192 70
250 324
433 364
715 274
512 266
173 354
926 928
892 874
452 815
734 157
575 887
980 261
16 178
794 543
214 269
582 224
894 214
41 140
223 898
443 258
380 703
932 326
419 365
724 992
46 716
343 410
128 169
390 135
746 139
584 226
769 80
305 775
220 758
583 172
135 383
798 197
747 751
713 595
823 690
834 745
377 882
17 961
941 596
393 70
604 780
111 354
132 293
626 852
398 541
281 938
838 978
415 807
205 961
556 595
778 597
28 20
566 540
291 762
776 78
170 293
639 149
638 493
787 846
242 102
662 569
661 986
539 174
26 279
190 514
196 987
947 133
507 650
292 502
277 390
938 576
26 134
62 728
675 527
632 519
921 403
961 914
139 506
582 34
13 285
89 591
698 615
206 310
598 728
69 6
883 462
335 839
887 826
510 879
122 259
141 522
823 210
149 821
534 35
665 176
11 793
426 644
357 876
819 955
236 799
167 671
318 537
928 829
90 984
825 683
384 47
78 185
500 715
375 55
769 444
517 566
556 92
333 469
686 555
198 989
752 566
238 434
973 5
168 948
189 758
542 42
525 808
233 722
622 276
864 604
651 670
68 548
397 602
955 740
173 947
268 969
929 897
90 399
412 117
610 582
437 666
555 75
963 702
783 75
164 537
961 692
990 645
222 275
407 359
708 650
657 904
271 404
493 740
761 556
908 543
360 679
397 30
550 44
535 728
732 508
611 149
264 301
819 61
382 951
972 485
139 568
710 177
786 353
550 270
538 462
672 664
875 131
785 159
827 996
195 973
382 224
7 295
943 939
229 687
756 164
349 282
228 605
317 764
766 469
190 876
435 881
702 957
701 598
157 504
339 397
759 805
427 862
524 320
980 642
915 581
441 206
849 185
354 889
922 530
985 801
54 130
440 274
330 915
533 984
162 227
237 861
399 242
712 229
834 787
993 747
906 226
673 213
121 912
309 225
864 632
95 720
43 957
856 952
29 226
582 918
416 233
311 920
368 754
241 68
583 716
948 127
351 774
964 898
356 482
363 454
809 800
298 295
156 905
195 949
680 531
570 651
679 479
312 759
95 148
978 808
26 429
620 373
503 403
553 436
666 637
723 516
524 627
411 362
521 10
16 282
587 213
365 614
549 17
553 86
574 444
973 871
463 39
302 99
196 674
503 806
641 555
948 721
184 894
495 630
810 734
342 303
89 377
554 319
370 764
979 42
463 325
927 458
92 401
131 567
693 649
343 256
385 160
610 66
350 368
374 834
829 798
898 401
759 958
945 750
124 375
992 851
436 811
683 282
573 898
137 370
670 36
483 490
363 870
768 60
716 674
366 31
918 694
703 932
280 326
372 756
345 352
54 392
898 802
904 443
928 289
692 314
352 372
425 361
597 387
375 501
782 303
624 559
113 46
294 69
616 655
468 824
198 481
715 201
79 614
388 409
65 60
794 176
18 524
57 592
317 158
467 369
505 166
252 949
36 762
952 995
905 65
536 738
22 957
332 26
74 891
154 365
982 515
913 8
164 134
537 932
207 64
283 304
726 516
305 856
678 185
149 679
831 927
960 92
706 624
586 10
832 902
5 852
452 959
589 810
159 887
451 353
732 790
898 79
370 627
784 199
509 28
555 644
348 158
224 916
244 479
802 823
90 965
825 654
788 262
811 943
607 462
708 61
141 856
953 306
168 842
595 997
908 52
204 291
521 615
725 911
858 224
345 467
592 828
294 308
425 427
169 942
792 399
659 60
809 751
403 378
536 842
444 628
179 483
491 341
240 211
200 828
97 574
114 756
687 891
781 450
325 431
880 387
275 987
248 557
448 63
502 230
431 174
89 259
770 996
22 889
188 433
761 369
62 590
673 439
63 557
787 559
2 269
407 320
446 888
586 479
552 195
550 370
97 250
261 913
322 941
396 484
126 383
861 248
40 390
98 644
463 535
136 953
379 833
654 607
963 429
809 470
404 862
850 250
505 623
586 768
188 612
686 223
358 444
231 646
660 510
163 190
168 520
116 198
957 792
465 58
929 491
16 972
9 405
140 549
90 840
988 801
924 729
88 933
247 291
674 99
694 870
95 135
336 230
997 287
268 891
910 702
612 442
616 61
89 163
566 479
238 892
649 1
281 901
393 336
708 612
213 66
806 217
476 788
547 990
95 34
909 731
387 574
145 908
273 902
994 456
13 892
591 908
374 409
303 919
197 368
493 517
903 676
705 165
302 213
583 188
586 352
681 76
330 162
496 646
529 440
325 109
953 972
571 397
921 626
476 207
853 583
213 728
70 307
182 409
404 899
520 940
940 717
62 983
999 208
713 93
163 124
993 189
41 600
999 793
98 539
391 20
326 619
220 490
496 834
816 289
729 788
750 942
849 303
478 961
428 174
361 213
931 321
698 188
774 249
959 311
641 854
713 409
458 776
523 136
237 867
125 886
966 852
660 103
722 488
685 756
372 657
638 684
204 506
643 957
977 830
432 757
53 235
369 14
316 627
743 948
542 289
107 62
969 847
943 327
184 340
332 372
26 571
833 185
355 173
291 693
496 117
425 959
530 10
515 738
402 843
889 371
924 310
231 292
641 776
918 726
666 749
228 593
196 540
362 292
397 227
326 139
678 511
711 561
701 949
683 726
316 405
675 710
2 100
224 316
596 76
512 825
292 237
6 567
11 847
230 81
175 560
770 16
147 817
29 639
275 547
726 96
477 473
978 30
617 870
104 591
33 725
788 355
951 241
889 634
873 413
567 385
275 257
21 493
993 532
580 611
17 842
859 975
665 314
208 187
815 872
446 197
121 962
180 305
110 182
4 743
325 738
76 127
364 581
91 775
788 167
147 25
204 30
544 643
636 505
653 260
146 419
934 328
789 571
648 929
66 74
873 618
872 230
22 737
403 353
422 143
597 371
485 741
325 592
473 229
703 201
207 604
818 723
360 593
291 593
695 967
536 628
1000 513
763 812
621 175
400 343
255 497
610 192
325 168
994 99
795 126
154 362
562 351
567 658
930 935
369 711
779 930
920 540
690 251
946 81
399 957
970 91
843 475
793 706
442 400
740 929
245 461
572 782
602 910
16 37
254 405
625 615
405 381
433 76
269 734
558 28
962 686
612 968
883 357
244 425
121 418
448 702
534 500
883 274
281 338
814 868
747 451
675 62
15 513
127 557
864 229
721 812
45 362
357 40
64 876
622 399
579 807
34 179
220 615
629 717
133 872
172 770
574 765
280 419
229 832
289 886
272 967
95 811
686 862
428 698
971 352
268 676
114 275
976 442
99 445
907 940
711 953
125 753
610 531
198 173
83 913
134 767
268 517
450 672
311 737
131 263
209 63
76 631
766 769
180 739
406 270
446 543
770 997
292 353
65 313
175 180
348 425
45 428
187 266
459 609
109 737
419 612
233 489
895 59
326 866
594 978
558 201
887 903
11 774
709 419
927 508
179 636
474 628
475 469
850 251
797 768
814 934
27 560
15 839
64 885
20 687
149 13
810 969
28 446
729 831
381 116
655 601
898 308
738 567
154 548
983 795
755 936
999 810
348 385
120 480
211 907
676 583
960 164
906 204
512 75
604 993
473 353
860 411
919 838
460 41
977 209
209 367
655 888
983 351
19 26
699 652
424 586
96 679
298 47
389 244
539 1
786 776
455 119
310 670
114 311
612 10
812 564
762 635
190 992
711 326
269 495
249 491
311 852
166 121
95 45
586 774
317 483
485 829
576 509
476 644
458 139
403 518
227 458
890 150
672 77
800 114
98 101
212 493
732 740
74 458
257 570
330 80
592 387
652 485
784 821
490 282
112 280
757 248
248 296
157 946
966 92
783 702
291 212
700 104
421 601
867 489
233 453
163 494
491 781
361 297
35 168
770 13
519 650
615 93
343 382
617 291
404 678
145 937
718 286
131 618
847 393
500 779
284 840
146 873
729 519
906 831
409 765
376 904
652 293
638 96
50 761
180 568
953 504
973 259
257 305
591 298
828 968
186 983
986 368
289 896
16 696
803 542
402 673
95 572
190 320
483 470
29 990
397 568
906 460
128 433
42 347
439 719
228 98
618 662
121 918
507 445
234 671
55 927
958 212
336 195
217 832
221 792
157 667
777 230
855 805
144 677
17 681
697 447
716 493
851 59
215 389
268 638
325 635
810 9
87 507
649 141
164 755
925 712
32 153
751 665
308 766
184 452
38 419
193 138
519 596
910 215
288 354
786 417
304 977
165 36
80 516
870 747
688 963
191 784
395 547
32 871
830 8
571 714
516 217
95 436
758 28
227 708
193 468
857 893
183 817
130 447
774 892
925 268
245 488
447 876
143 276
598 914
767 87
568 631
573 250
886 355
286 437
602 858
163 394
917 765
420 315
496 897
843 911
177 90
859 514
81 799
495 854
758 984
85 982
525 345
712 800
767 794
149 69
758 587
33 724
395 461
385 215
568 449
537 213
209 4
154 655
964 252
343 209
988 746
261 334
246 900
877 492
998 407
506 561
210 371
349 849
479 774
377 964
376 753
289 142
648 979
26 971
189 429
355 925
878 43
865 984
761 799
172 716
375 503
982 69
900 216
369 186
499 140
118 287
985 464
400 426
436 280
717 953
842 132
981 4
765 185
972 329
352 578
387 197
250 998
71 141
628 894
963 192
65 348
549 930
511 43
719 470
546 936
265 771
412 598
658 858
738 236
650 858
545 692
288 731
808 2
828 477
886 335
870 832
67 629
766 305
182 326
666 651
334 445
746 837
710 808
15 866
399 707
704 740
810 978
653 392
606 632
699 54
537 407
370 448
287 815
533 195
250 797
774 311
903 81
820 657
112 970
21 256
404 504
580 113
285 395
747 736
894 657
733 525
384 868
313 66
523 210
428 405
525 769
512 96
438 110
328 513
366 57
901 338
795 755
424 161
393 75
858 145
397 563
437 274
664 458
595 690
138 913
530 399
472 891
294 278
270 401
700 803
312 996
977 918
672 647
997 475
765 623
313 510
406 557
321 27
252 757
290 790
645 128
298 509
762 838
601 252
250 18
748 885
416 864
473 881
984 382
498 740
999 900
252 388
969 753
434 867
735 926
331 460
362 490
434 975
571 754
929 8
22 206
80 859
427 301
914 468
666 341
850 470
91 869
36 77
935 860
442 292
885 240
889 245
231 930
294 186
129 342
663 273
463 319
980 395
656 65
568 781
382 421
6 911
85 910
231 640
234 228
767 978
570 378
699 82
756 97
780 79
152 143
46 751
864 130
96 380
650 261
375 970
985 946
889 247
185 186
668 673
194 824
195 497
510 98
665 753
774 61
212 852
211 891
910 525
290 374
545 22
261 23
636 435
930 326
454 520
695 586
882 79
761 870
498 836
961 356
372 861
108 651
310 671
924 159
952 208
496 252
829 278
920 622
26 549
762 747
504 727
321 999
240 241
402 288
41 480
60 324
502 81
108 56
572 495
312 589
494 693
614 886
795 136
580 930
675 974
821 596
255 392
368 228
973 825
980 456
136 746
306 38
622 544
145 364
791 45
278 64
886 405
941 109
896 783
749 611
939 919
139 283
81 326
508 730
715 684
34 457
822 687
328 191
71 665
734 662
379 732
984 554
492 37
851 186
465 395
766 43
146 870
879 264
498 341
206 930
546 263
72 386
254 878
384 14
349 938
444 962
103 639
87 90
34 66
96 503
205 43
137 347
120 509
99 649
483 294
263 540
105 504
803 635
722 633
134 267
57 509
857 486
932 711
255 923
56 67
422 22
597 492
519 481
355 72
105 683
307 227
221 569
602 754
367 751
540 947
924 18
468 918
271 501
511 976
402 260
631 995
959 568
874 852
530 8
456 965
761 446
549 909
199 772
754 637
404 732
204 670
410 45
619 825
469 526
476 318
131 909
667 207
26 253
422 381
925 779
681 319
663 123
775 605
151 327
163 397
571 280
609 205
383 302
538 195
83 226
266 910
306 447
415 227
16 666
277 14
375 868
483 825
581 48
837 454
430 996
884 103
225 422
337 172
768 866
91 349
531 454
632 103
280 60
120 315
928 888
926 407
712 31
558 968
604 21
591 265
974 387
299 249
172 137
177 741
59 537
613 210
246 901
824 407
53 43
474 16
94 761
280 329
320 694
707 34
422 419
960 838
940 420
893 388
401 356
702 250
501 539
428 871
677 568
18 231
304 498
476 437
688 563
191 448
213 120
952 136
810 234
723 711
151 822
563 302
899 784
458 192
264 281
947 60
701 245
129 516
13 19
17 208
670 128
218 230
585 917
583 134
732 604
457 106
547 465
692 526
948 688
554 555
443 56
743 205
727 712
340 672
353 811
500 942
357 995
304 241
324 252
197 138
588 342
911 546
728 632
569 948
309 753
951 166
885 430
910 869
345 645
237 623
333 92
813 210
941 285
873 127
376 961
904 365
305 507
396 918
290 113
220 181
902 392
158 168
367 242
834 741
750 305
53 15
128 378
730 933
289 169
146 370
683 25
812 707
775 457
523 432
601 944
123 180
397 643
345 242
933 977
420 740
565 173
459 561
523 513
229 544
513 619
137 200
960 576
687 663
321 26
709 50
89 102
587 291
382 701
952 164
146 167
661 772
892 454
160 503
771 313
535 688
536 594
464 925
875 381
558 898
117 466
134 942
947 137
17 188
161 757
144 57
473 643
323 621
947 423
22 694
515 107
124 903
412 857
20 570
2 989
957 563
193 814
432 49
766 12
287 893
20 792
936 609
314 61
668 924
500 672
854 947
105 80
489 433
767 930
111 974
148 68
205 437
264 601
335 534
902 330
896 142
935 359
385 399
974 507
379 383
319 915
234 697
552 862
4 697
302 834
233 615
570 814
591 660
445 842
483 235
378 287
863 372
609 893
350 857
596 657
530 259
969 801
289 407
146 120
19 250
772 452
701 490
805 390
264 243
946 467
319 599
109 895
938 895
832 406
355 259
374 109
964 943
681 151
41 112
207 391
783 410
883 882
718 962
406 411
45 697
688 936
710 181
810 599
39 779
192 130
946 23
14 639
163 259
516 261
974 633
408 602
712 552
490 58
884 878
386 145
832 961
970 883
367 257
59 48
206 129
816 341
698 857
392 812
907 463
871 774
965 333
287 849
126 243
261 438
172 166
964 154
986 382
713 414
55 763
756 356
404 433
498 52
335 667
530 675
87 202
510 727
423 196
26 158
86 902
786 584
894 569
308 132
5 228
85 342
801 13
837 839
532 139
493 17
995 339
522 929
835 314
692 465
397 715
694 611
902 416
972 65
572 242
481 570
812 538
579 801
853 194
47 895
30 619
434 336
613 706
171 811
122 175
971 8
661 828
26 425
890 168
283 10
800 144
602 740
167 269
750 502
990 903
937 25
169 423
400 253
339 896
252 883
145 335
109 534
330 197
762 192
909 133
364 484
280 577
16 75
490 30
917 763
793 773
888 389
335 138
474 554
600 424
340 611
570 320
813 92
966 634
237 650
698 236
456 207
756 90
573 700
405 794
832 634
45 259
417 228
223 728
833 828
251 643
927 778
189 173
788 76
264 736
443 420
419 688
977 142
46 881
530 534
488 493
532 56
626 175
354 363
665 601
117 776
885 958
190 92
180 82
952 427
381 751
479 38
406 607
821 215
576 646
556 612
378 198
127 449
554 69
296 365
204 846
170 330
868 293
210 238
153 661
464 946
544 337
216 51
520 272
911 664
85 969
421 428
593 907
568 311
346 672
92 525
19 641
259 174
577 447
682 70
563 124
156 574
767 484
222 279
588 537
572 246
81 693
79 934
460 868
409 206
746 673
503 774
916 392
988 358
58 751
274 992
154 186
221 226
746 835
720 810
292 915
967 641
560 899
79 373
564 971
727 553
289 755
556 343
349 719
405 205
758 597
689 114
308 740
461 913
168 703
584 961
542 785
814 730
637 397
68 920
380 922
767 542
897 158
976 881
280 136
688 5
121 532
522 488
251 687
159 624
517 622
134 182
506 595
364 533
630 792
242 121
236 41
138 780
328 986
379 176
307 911
125 940
751 968
94 581
134 464
472 893
129 752
688 577
378 363
660 751
113 206
791 583
648 815
846 662
209 691
174 575
708 659
88 828
605 873
640 659
592 380
921 858
208 629
653 691
912 627
572 453
57 624
611 57
481 332
840 789
899 156
972 510
44 765
999 791
16 358
35 450
36 873
622 580
75 965
739 298
300 550
852 11
871 345
28 469
785 182
71 401
955 388
628 737
516 231
371 376
136 957
359 235
222 545
192 500
653 345
983 566
590 716
496 858
957 931
428 55
824 788
306 727
270 491
100 676
281 307
923 876
527 789
656 353
380 847
94 997
845 787
423 509
155 867
755 243
211 543
893 7
819 860
368 926
664 155
718 82
868 859
595 901
137 317
489 722
189 753
708 819
211 893
432 638
271 991
170 206
243 396
48 311
574 388
780 760
221 817
682 805
901 453
761 868
501 545
357 462
5 755
420 537
742 688
467 606
35 930
270 63
716 91
756 884
482 417
943 284
702 846
714 967
330 972
847 545
23 419
960 331
444 84
235 953
364 227
257 575
352 763
320 89
486 842
490 281
383 470
923 159
709 354
395 998
896 769
182 482
224 276
315 207
889 38
710 84
783 808
163 403
590 526
183 972
679 971
168 315
277 135
63 650
693 783
714 490
591 96
131 734
775 793
297 746
56 182
606 679
153 427
944 490
802 776
548 228
570 284
36 464
961 676
655 741
451 91
125 16
828 971
81 202
890 928
372 511
48 413
822 233
225 747
565 825
76 346
739 746
483 296
176 384
530 563
958 219
393 129
929 55
472 902
535 919
273 836
131 418
114 342
540 798
49 797
66 149
263 845
514 865
161 655
844 388
147 844
259 262
904 113
429 468
948 154
508 412
381 925
644 115
539 252
923 93
966 157
497 661
19 739
588 871
572 380
535 360
4 119
44 709
956 500
102 471
835 774
123 552
452 674
327 41
790 286
160 800
266 682
912 232
272 87
109 678
148 586
353 924
563 769
468 443
969 122
111 589
292 233
655 432
992 43
908 467
289 613
107 282
408 930
638 161
984 520
159 232
970 743
898 328
934 73
906 847
871 805
193 902
125 67
716 874
550 890
590 951
618 61
21 120
903 110
802 159
174 503
481 727
91 460
241 479
388 556
580 24
29 782
555 458
519 175
868 787
906 48
108 920
991 409
808 909
497 988
682 874
534 923
497 96
775 487
924 803
543 603
503 14
950 587
518 399
702 248
411 769
998 839
485 656
490 778
164 719
181 695
809 758
574 950
223 44
74 114
562 998
191 450
237 384
576 566
478 122
934 253
855 552
291 597
238 538
773 885
758 349
977 730
943 69
360 740
89 298
921 671
672 487
782 876
714 878
416 549
518 858
832 253
908 770
948 515
418 530
760 399
562 445
84 969
141 318
309 940
155 221
787 756
75 518
314 850
253 863
554 696
650 955
727 699
999 438
965 226
987 598
913 591
771 953
25 63
978 111
335 798
232 597
768 721
966 724
110 538
861 290
712 189
906 867
707 628
380 804
750 341
850 964
106 340
827 348
258 977
543 392
357 421
379 341
111 138
3 927
299 116
638 665
867 357
55 595
521 507
503 666
877 848
61 643
794 848
680 955
359 866
787 9
346 859
627 710
898 946
132 178
425 328
942 871
782 268
86 169
327 81
865 874
51 179
35 790
198 454
127 484
4 27
264 168
193 198
590 301
655 292
743 320
491 473
537 873
352 609
558 529
226 6
501 128
434 123
878 518
681 202
210 530
669 569
28 423
13 53
936 408
934 903
956 75
79 788
729 327
235 250
143 775
663 76
760 427
892 903
463 26
233 493
892 900
876 257
128 591
922 105
472 615
322 985
434 703
845 607
738 465
461 854
500 908
942 223
193 812
620 909
569 869
454 629
634 529
401 964
827 410
974 223
362 847
227 992
742 154
530 810
31 267
489 320
573 852
759 637
157 161
68 780
626 786
94 772
646 111
981 532
649 500
716 466
53 97
626 869
773 376
756 544
797 98
636 462
359 817
929 42
597 135
363 690
289 331
273 718
961 377
639 846
221 929
260 99
613 859
905 146
462 841
289 527
947 811
574 78
887 29
69 654
434 317
877 231
4 255
614 922
800 118
840 931
959 837
674 659
605 765
343 339
202 176
368 136
41 118
39 551
758 389
279 20
763 369
602 689
942 319
100 678
657 61
697 972
628 544
790 371
115 655
157 910
624 135
168 173
816 317
11 713
763 716
615 135
896 689
272 251
625 547
847 100
888 363
172 348
135 872
504 116
234 37
676 92
71 666
76 768
590 798
637 737
598 873
580 267
418 943
277 88
300 79
712 919
436 575
310 11
244 284
873 420
716 982
493 459
438 372
276 23
210 495
928 718
622 472
641 175
769 402
290 863
59 766
229 162
346 78
219 500
384 815
702 483
996 132
815 704
526 653
393 55
926 235
15 392
38 795
989 793
773 348
976 88
834 858
851 872
640 399
501 201
77 720
812 645
299 346
32 447
86 102
184 234
518 307
721 325
924 254
285 948
866 333
60 500
702 63
540 910
632 855
706 418
873 659
639 576
621 53
595 97
406 347
620 371
288 358
752 187
723 522
26 294
944 877
209 932
527 854
641 771
344 189
363 755
852 221
697 1000
112 312
999 175
123 920
952 666
112 407
705 422
131 144
657 315
736 348
138 33
888 391
46 473
505 697
325 366
453 313
690 276
874 201
124 568
949 569
534 493
205 281
206 18
561 1
634 585
233 80
340 988
39 237
876 766
146 841
788 360
426 283
936 571
96 328
439 920
922 498
551 571
272 675
149 291
465 150
402 641
848 337
525 793
83 317
622 359
381 395
1000 129
593 35
540 558
868 995
797 441
92 728
56 243
115 643
995 480
902 860
299 297
446 40
565 62
802 320
56 98
338 948
446 443
456 713
602 53
346 759
862 433
743 804
104 445
455 456
792 628
589 918
249 337
800 79
467 917
471 802
700 744
813 839
62 453
755 380
565 498
749 373
435 213
153 516
396 152
127 182
74 14
558 980
268 40
118 991
67 859
374 373
446 838
936 76
650 838
596 254
585 875
16 26
576 98
704 87
602 895
303 537
247 391
7 357
482 652
525 488
654 756
474 524
300 128
525 377
414 392
43 430
268 400
91 955
827 494
427 924
172 515
661 107
845 254
150 736
615 468
655 589
253 371
403 196
30 485
171 177
669 210
177 992
51 410
15 448
218 252
776 762
668 494
262 667
341 242
250 743
20 409
51 430
798 648
30 534
507 839
750 129
960 579
514 700
252 753
952 167
200 908
311 764
347 815
550 956
274 382
477 773
39 514
939 624
977 709
139 644
473 998
790 485
469 934
745 926
442 105
446 915
336 540
490 291
416 578
252 862
723 947
545 763
88 378
325 115
219 656
153 770
304 434
818 508
982 771
220 254
934 384
97 109
885 252
687 298
882 836
609 65
378 638
419 208
679 950
386 315
116 46
966 678
940 773
871 799
249 628
710 667
949 625
110 567
77 276
955 192
8 867
650 702
362 844
163 821
370 371
557 157
120 374
737 303
547 923
43 168
915 756
124 437
380 47
641 243
860 481
970 585
422 268
545 287
708 829
329 240
812 275
850 602
209 354
63 411
823 994
860 519
591 657
579 185
66 28
749 249
587 738
683 151
759 416
24 803
29 313
322 293
948 17
531 43
75 423
293 484
386 518
919 400
540 939
195 990
551 357
511 824
458 180
4 248
23 332
321 916
412 325
485 905
951 912
383 242
709 590
982 722
72 669
424 26
499 638
316 24
391 845
47 408
144 137
815 230
244 810
142 621
139 398
140 93
803 277
588 547
738 144
847 502
500 195
50 174
608 652
326 835
666 36
815 931
8 122
616 955
301 127
49 494
140 899
609 22
276 243
167 602
115 861
421 934
349 963
444 521
751 214
376 175
49 127
710 884
767 877
453 469
510 286
721 589
286 143
732 75
510 361
280 36
872 606
347 28
721 879
522 360
544 952
444 990
51 784
608 167
719 669
794 580
526 739
794 902
556 974
774 29
542 9
399 104
24 251
854 414
782 427
478 66
910 572
185 293
427 416
963 754
627 641
59 376
761 759
227 15
78 407
215 566
347 742
520 468
208 672
836 853
251 258
839 125
416 829
623 538
46 11
22 569
39 629
317 115
908 570
251 499
566 846
623 651
19 505
402 403
792 823
134 986
374 511
344 190
217 432
24 960
236 40
44 711
135 536
31 987
503 654
712 520
558 808
887 548
637 817
697 856
981 660
886 356
709 469
344 587
879 997
258 391
576 438
150 153
707 716
959 155
287 16
951 41
257 197
474 928
512 605
345 828
487 713
823 19
422 904
480 377
211 763
728 527
971 929
254 831
571 107
457 543
243 10
650 374
249 26
229 483
336 961
807 396
148 127
295 248
133 749
371 878
120 430
928 747
603 427
786 649
994 868
167 898
778 101
400 874
187 387
164 900
881 670
294 259
425 432
243 473
772 347
949 689
319 980
272 977
539 737
151 767
924 829
178 699
660 871
937 446
954 516
795 953
139 957
609 44
626 287
455 459
714 906
914 184
626 366
114 602
868 439
41 859
984 140
87 781
571 892
628 891
536 745
744 524
856 70
359 397
142 461
352 677
946 75
568 681
511 167
535 515
616 725
983 713
412 962
6 634
991 911
619 468
267 507
606 722
185 598
394 440
923 532
323 800
917 510
43 712
738 557
228 655
859 771
931 248
538 884
333 88
968 137
755 67
464 152
734 874
862 960
985 970
973 25
731 107
147 202
686 753
963 940
859 207
240 136
332 69
794 862
906 308
587 761
934 366
977 905
213 20
691 679
86 175
804 846
307 174
678 867
455 30
296 445
518 760
230 794
265 358
928 34
311 767
151 854
530 109
156 968
730 485
930 739
218 561
862 254
443 668
460 598
706 282
89 260
903 697
501 63
377 1
433 311
822 779
2 260
98 445
904 760
580 873
357 720
28 464
835 960
784 862
123 978
533 701
760 429
580 760
641 822
28 583
224 250
375 899
581 210
512 999
840 468
966 276
288 875
650 605
248 95
709 62
505 624
343 336
664 593
93 777
646 545
150 304
469 367
675 115
894 69
362 826
185 995
441 329
561 72
86 557
607 945
939 405
12 535
203 592
2 541
665 331
133 805
686 563
245 769
288 585
846 821
594 306
479 820
426 192
719 545
356 966
74 862
128 346
591 739
377 903
998 547
124 148
345 161
540 646
99 334
501 558
678 415
471 534
114 305
702 182
189 321
981 997
873 548
290 964
165 296
652 814
636 797
65 589
655 405
288 237
550 213
365 273
5 975
552 136
777 319
76 136
820 379
770 592
737 547
525 8
540 74
745 1000
764 192
736 741
628 947
442 624
79 837
135 567
468 204
343 816
307 326
465 962
376 355
304 448
265 862
343 929
109 703
224 279
331 717
614 548
852 409
766 739
804 4
130 247
600 129
45 1000
743 17
26 987
841 25
534 84
685 600
62 937
944 708
598 879
603 563
508 437
607 759
42 769
993 807
22 299
96 677
392 720
266 201
842 516
435 998
510 366
811 607
885 610
997 888
907 64
121 717
451 92
129 192
315 765
245 884
232 333
674 444
33 300
287 627
683 310
984 682
171 474
464 96
752 787
767 672
509 656
955 570
495 365
647 288
564 450
358 927
894 573
733 737
113 984
366 506
648 573
958 222
778 416
530 577
310 664
57 241
369 7
756 949
557 580
172 742
605 908
367 645
283 224
713 943
454 779
406 750
479 492
743 659
815 262
104 466
658 63
550 241
324 218
506 189
535 756
113 501
921 640
153 558
9 562
672 478
88 21
658 225
148 887
874 627
912 348
550 290
518 780
170 918
505 349
217 396
93 62
117 168
487 490
300 706
115 907
757 504
597 623
249 721
400 701
421 857
546 578
842 425
920 307
775 911
300 45
176 99
927 208
626 743
400 603
667 534
171 280
457 584
241 476
537 223
636 863
154 649
530 880
15 712
162 172
24 181
25 924
544 956
319 70
179 6
489 687
74 775
695 491
172 932
674 162
582 859
17 621
308 100
578 35
898 826
223 267
388 220
885 954
30 805
906 273
265 111
748 730
547 513
300 463
619 529
646 343
394 732
434 481
271 310
807 928
965 991
100 804
29 480
490 920
666 537
170 310
66 871
697 703
499 795
604 250
52 677
112 120
629 75
688 997
444 438
378 791
593 792
888 600
227 742
54 629
257 917
280 562
853 663
361 713
914 637
735 727
206 291
79 83
406 161
335 197
282 499
525 405
177 239
439 171
284 592
340 540
343 335
201 370
383 606
903 169
337 370
774 474
582 360
840 151
110 537
812 229
336 694
577 872
337 131
780 779
842 604
58 47
955 279
149 212
890 801
266 16
103 557
567 482
112 960
367 136
370 220
426 346
736 604
431 943
324 701
910 594
845 77
756 344
171 34
725 907
284 707
746 402
730 831
493 179
20 325
21 666
96 547
425 403
71 452
713 692
688 502
229 986
566 459
859 383
952 75
254 315
763 601
321 108
963 717
604 681
792 547
354 236
192 767
565 306
365 300
204 878
351 233
416 870
611 61
464 914
412 658
149 799
865 442
791 918
642 285
282 130
305 739
69 346
404 657
334 598
562 461
359 1
605 297
145 267
662 784
338 252
639 94
418 676
614 392
906 593
944 740
852 501
174 217
455 784
280 812
392 934
541 911
799 191
784 140
162 272
288 987
976 676
921 37
63 624
889 985
106 405
110 565
609 490
591 174
735 186
837 298
200 161
224 807
62 72
155 871
855 474
806 698
545 114
651 161
392 482
414 791
561 954
394 291
323 347
949 51
898 883
876 967
734 970
471 672
554 340
807 10
661 588
262 645
191 289
590 473
694 630
432 892
123 452
913 396
180 133
492 247
899 945
592 205
954 381
403 670
612 128
995 24
48 799
514 776
442 799
353 456
155 126
490 611
634 154
190 596
247 925
452 571
277 973
22 893
6 563
120 651
343 819
914 878
623 855
849 970
945 511
876 209
434 892
139 932
735 670
993 491
85 96
589 793
435 602
741 942
7 286
344 422
859 575
783 933
805 957
921 144
513 61
569 902
987 403
14 781
309 643
148 263
12 470
305 292
324 64
452 157
271 635
366 959
516 838
836 59
394 18
177 354
713 304
570 395
668 876
65 705
390 238
306 985
91 21
511 666
938 486
747 686
264 856
929 90
877 644
34 830
843 572
937 567
568 228
921 715
265 300
503 324
549 708
786 246
458 327
4 79
26 515
373 872
673 296
179 35
536 608
334 893
616 334
815 246
763 161
568 433
566 844
649 912
853 400
714 58
472 373
736 642
168 110
122 115
606 75
448 797
505 348
969 666
533 756
135 269
143 888
438 888
944 733
338 196
330 677
974 969
187 41
989 637
395 228
309 630
590 665
917 375
573 469
906 760
524 63
694 331
932 340
406 133
408 200
547 119
987 364
560 250
817 237
11 178
327 916
378 840
120 432
357 397
876 927
459 501
205 201
375 825
100 481
806 568
