1000 4941
174 395
693 340
35 889
346 500
158 499
81 414
884 703
22 154
977 129
556 631
418 668
365 702
601 347
51 882
452 803
938 384
881 986
290 696
185 803
590 375
603 258
14 64
98 743
478 940
359 157
121 190
11 171
123 725
983 284
117 363
661 93
718 102
41 74
830 433
423 965
483 403
597 624
429 979
983 539
323 250
126 978
161 865
551 457
330 735
165 937
673 702
739 193
791 400
668 171
19 543
324 177
51 33
176 456
525 180
765 565
876 147
705 977
540 422
227 816
402 774
935 432
59 299
423 337
461 297
777 72
824 329
213 243
159 363
201 110
596 291
627 326
644 680
44 460
946 730
736 473
583 94
806 877
533 43
936 273
94 484
833 127
973 874
939 678
463 347
782 319
912 298
308 538
677 102
550 508
660 735
93 383
611 299
901 728
760 217
961 424
706 726
49 822
528 730
546 25
857 674
676 290
144 211
473 246
455 521
97 546
949 90
984 426
240 957
251 591
378 61
108 537
659 347
435 613
516 474
609 1000
439 53
974 111
116 712
887 332
525 404
356 660
574 528
288 833
290 112
73 608
458 395
936 674
224 756
172 697
546 756
858 770
485 654
152 449
362 526
81 47
661 208
527 448
167 502
351 85
281 169
501 408
472 146
842 458
736 89
147 199
221 468
974 530
181 68
225 17
895 340
220 374
657 298
763 529
855 320
468 966
927 514
797 468
19 1
220 345
792 756
632 137
280 30
597 111
751 487
314 217
384 145
415 750
949 503
435 292
863 858
577 590
789 606
314 968
683 634
371 281
479 24
445 749
335 882
600 481
989 78
50 437
761 616
677 104
950 414
328 697
999 986
61 872
852 2
416 374
231 199
430 263
120 202
657 586
842 501
705 831
935 528
419 851
573 184
4 24
478 83
206 116
317 79
575 142
836 235
910 886
68 125
55 836
948 652
515 99
669 59
317 379
39 507
121 303
977 894
133 461
544 679
248 228
265 605
858 478
396 382
713 772
698 970
681 197
310 833
936 656
921 360
499 469
10 456
948 36
11 292
503 714
533 347
839 298
898 756
261 628
973 603
634 94
210 243
946 924
980 499
176 500
936 36
789 654
349 17
912 264
467 423
621 868
751 279
913 993
865 584
350 991
258 524
461 19
852 645
869 289
410 262
468 654
186 839
881 403
217 292
612 712
519 108
226 840
243 730
636 131
356 784
557 698
841 971
768 421
553 689
864 420
811 180
791 6
719 549
478 263
944 460
506 512
549 645
56 764
952 742
989 372
115 548
122 541
760 431
117 643
795 368
97 901
457 923
102 951
10 320
714 96
832 282
366 727
771 590
383 357
99 911
9 216
281 107
365 117
350 277
780 896
160 206
433 96
161 379
732 393
846 72
20 426
581 207
810 473
371 803
823 734
318 382
516 665
908 407
855 77
178 107
452 606
967 226
659 85
715 999
572 444
757 245
97 332
280 273
523 255
902 374
194 171
632 871
100 764
826 292
544 504
595 375
776 996
461 511
867 232
857 560
324 585
12 155
55 380
682 368
424 587
643 748
160 248
192 982
372 480
39 99
410 264
748 548
641 71
418 815
143 627
73 479
956 998
167 258
479 929
100 871
314 548
618 996
741 521
768 537
324 658
569 216
793 564
519 895
222 278
222 875
760 3
163 876
983 486
513 331
626 298
147 232
442 789
569 195
227 125
522 625
816 132
745 501
601 216
755 317
621 666
984 890
736 226
459 447
346 904
205 424
140 794
23 876
542 676
390 689
502 190
158 685
786 695
662 923
452 327
418 806
572 549
266 705
205 750
793 261
754 305
393 330
821 79
949 138
59 790
56 396
383 468
21 236
519 232
152 298
543 171
229 772
139 81
488 973
97 188
971 904
714 195
988 599
644 132
421 13
206 486
133 409
579 617
393 145
624 846
190 678
232 665
574 322
549 171
409 612
121 669
780 941
503 566
10 378
252 329
890 698
660 800
992 593
383 667
295 990
259 649
349 962
165 539
631 826
669 942
561 749
411 962
188 992
920 13
783 529
165 248
734 748
809 142
133 336
369 892
956 400
187 724
559 629
854 879
446 712
232 127
933 396
34 352
221 188
74 283
275 630
41 466
847 499
315 194
633 502
172 611
371 451
603 129
253 792
419 96
954 605
691 772
918 528
396 879
816 598
678 740
913 55
694 619
52 141
844 60
425 877
355 642
299 753
855 848
564 131
657 999
360 293
180 351
436 961
54 304
715 663
55 617
424 777
441 941
828 815
98 899
10 353
798 478
301 798
12 471
506 70
89 86
604 966
163 270
492 424
473 746
516 266
952 223
811 36
938 833
600 752
213 258
160 882
416 236
680 243
55 149
178 817
314 785
629 619
869 188
262 26
869 770
233 490
855 804
605 636
161 835
801 331
20 739
592 36
354 613
404 770
918 561
847 194
212 701
98 95
12 644
839 650
913 957
383 451
992 3
495 145
301 118
453 557
596 539
283 841
339 562
840 514
97 70
34 240
715 956
953 408
960 50
339 83
826 892
153 698
630 171
795 298
479 729
17 327
485 91
337 806
550 79
271 175
898 81
844 360
24 638
761 779
475 942
982 868
230 92
747 194
383 873
949 642
824 79
146 634
664 195
481 83
757 357
214 702
760 876
871 278
907 345
666 792
394 649
771 618
41 410
491 202
163 569
455 559
294 285
294 934
5 273
869 391
572 839
46 248
890 95
887 279
450 736
510 304
200 125
399 114
845 851
862 947
314 237
377 448
795 291
580 695
781 257
300 765
758 232
381 147
736 345
244 17
954 61
185 307
573 789
812 51
522 850
778 239
561 696
467 665
153 373
505 1
270 974
344 129
531 407
632 100
661 178
822 968
869 63
545 775
37 234
653 984
899 399
50 111
948 321
287 40
284 141
515 564
808 586
310 947
791 643
146 836
421 639
248 279
681 709
176 729
619 207
377 168
359 701
858 179
876 643
770 199
878 796
510 385
457 539
22 567
663 575
310 196
156 719
100 210
157 799
104 149
103 71
322 545
118 95
54 649
766 117
185 718
458 33
972 762
776 378
706 238
355 996
293 85
658 444
158 763
236 725
231 553
571 142
717 483
20 53
246 953
132 460
705 391
904 149
8 426
997 696
311 30
716 584
605 781
399 937
952 566
856 619
258 785
132 262
861 940
475 873
771 395
283 795
525 539
429 93
800 85
608 120
312 90
646 894
918 661
797 681
103 124
961 1000
535 756
741 773
202 671
760 349
573 792
651 478
615 993
186 548
84 671
522 282
675 468
791 663
715 384
915 399
934 866
611 646
481 583
564 881
27 351
944 307
189 907
734 665
747 15
450 858
272 509
493 792
556 352
811 232
930 689
890 54
717 203
67 309
673 306
820 842
213 548
456 914
842 545
239 548
867 267
206 637
192 353
410 661
213 303
413 242
657 297
452 947
146 975
407 584
749 331
292 772
516 945
41 73
612 123
871 112
10 299
732 327
303 289
75 403
918 382
629 142
777 411
852 569
615 111
174 549
595 271
105 309
586 422
489 662
74 780
19 751
974 250
423 336
425 113
898 638
791 395
728 374
637 260
621 21
396 451
628 652
517 608
205 408
558 179
218 195
170 762
355 321
545 78
234 69
468 619
322 522
234 885
601 896
801 730
937 420
699 709
204 157
900 962
787 737
597 973
745 76
27 123
598 803
90 340
703 498
58 640
644 882
722 292
814 326
425 868
284 180
468 262
877 712
350 660
736 67
57 67
222 813
996 541
243 799
100 956
816 545
963 931
642 341
472 966
876 743
435 177
435 987
761 507
783 93
265 415
503 27
459 445
164 304
624 909
164 875
862 171
439 165
8 930
886 13
887 177
429 964
31 528
912 290
492 722
322 672
576 746
493 185
760 225
635 514
227 529
192 3
826 701
908 323
621 118
804 359
788 876
720 703
629 470
378 995
685 420
745 959
681 640
357 563
603 746
417 742
731 587
950 678
644 501
348 263
629 71
178 396
724 602
656 650
394 945
676 709
471 459
221 863
771 965
510 968
369 212
813 966
298 216
816 443
482 643
11 923
104 263
880 402
379 964
554 646
967 317
308 401
532 878
971 879
848 305
613 255
434 537
709 646
535 72
604 790
353 425
423 138
589 841
676 931
155 415
358 409
46 738
855 344
693 216
17 402
881 264
428 124
208 361
939 639
927 873
10 597
637 384
449 864
226 799
967 421
736 709
236 638
554 257
574 626
664 321
439 614
388 853
153 86
816 434
817 402
258 469
485 64
620 340
73 431
608 377
664 582
203 66
369 267
972 966
688 726
653 604
126 740
676 789
926 543
757 931
572 710
556 323
134 342
23 292
322 727
575 774
409 171
320 341
601 529
925 648
656 164
395 840
677 295
471 104
677 436
572 451
682 818
535 116
993 1000
165 329
137 785
864 401
392 188
319 180
998 652
982 1
927 821
506 477
622 669
881 591
936 835
256 896
832 175
888 444
355 608
834 8
942 217
726 26
358 32
414 342
380 21
843 986
932 940
899 604
818 561
521 964
669 466
577 960
160 547
452 743
950 919
53 896
807 129
324 961
39 678
704 24
761 89
482 1
398 72
871 420
946 432
451 978
840 584
417 649
524 658
951 332
516 447
438 362
918 817
744 466
407 51
647 141
917 331
178 588
857 996
339 447
201 840
254 962
828 383
42 38
966 800
41 618
38 865
649 976
333 398
228 249
517 385
494 383
911 61
728 700
881 721
271 282
845 555
844 565
459 391
680 428
189 754
244 672
614 911
857 646
604 995
235 115
254 235
110 108
412 372
122 907
425 524
750 282
245 403
301 538
503 71
213 723
677 670
897 664
737 985
331 668
281 514
198 953
503 37
457 479
38 219
918 225
667 124
333 533
191 838
371 35
430 959
217 836
586 817
847 442
323 836
811 290
520 309
856 611
973 693
155 871
465 408
729 340
855 288
515 634
821 883
182 95
2 132
58 89
801 617
428 750
553 826
238 178
942 607
281 881
598 205
564 408
583 923
620 679
660 695
734 285
358 384
992 785
737 389
646 825
459 801
562 841
390 694
196 916
178 139
106 548
720 875
441 49
425 175
386 233
673 222
337 587
455 568
283 947
84 590
839 260
74 654
112 282
168 593
60 26
830 217
540 364
119 792
796 55
428 35
176 346
618 895
626 469
530 141
949 58
556 331
540 178
699 120
999 497
519 337
225 78
960 722
410 677
816 976
819 332
362 225
324 952
571 840
310 321
165 55
520 26
497 36
478 539
97 219
381 271
980 313
376 489
785 373
162 799
197 177
519 993
272 733
393 360
93 992
497 735
386 74
97 26
388 983
290 246
597 330
409 929
763 485
221 799
729 309
213 908
750 962
14 727
716 643
855 364
165 873
442 233
913 15
481 76
485 873
155 472
102 444
75 992
742 833
378 3
73 784
830 954
644 729
386 249
957 195
686 361
998 734
891 835
565 593
808 418
639 124
19 51
240 127
187 600
924 291
300 886
416 272
712 115
306 70
531 972
771 280
440 993
721 560
618 66
461 885
571 843
524 21
542 332
781 247
831 279
253 243
208 957
418 341
37 327
475 876
222 264
247 504
148 549
597 196
757 382
339 99
306 168
680 528
626 139
949 294
967 463
460 79
377 397
752 95
855 765
876 345
159 879
381 915
848 832
539 607
205 981
301 116
265 915
965 29
895 769
507 704
956 828
572 913
973 408
887 701
708 305
502 912
322 759
434 336
159 566
380 131
793 85
222 665
155 813
39 68
227 411
906 233
545 319
856 329
637 145
233 96
912 240
217 145
109 280
74 184
737 909
204 953
595 283
338 719
131 740
782 431
656 698
513 199
841 754
237 553
440 768
864 189
410 189
846 566
335 95
192 437
853 405
816 966
105 514
122 490
604 764
988 790
493 336
313 26
404 778
6 962
192 127
980 453
546 179
969 966
972 207
186 78
100 69
173 377
565 360
272 86
392 40
75 539
330 663
776 582
888 203
802 282
356 190
620 360
765 881
987 129
664 743
457 175
37 998
386 162
647 568
923 83
925 993
750 879
105 60
417 92
697 407
731 636
294 442
576 893
976 370
830 109
922 210
355 696
600 115
266 798
600 797
213 117
654 645
804 904
824 401
491 383
471 374
594 384
40 981
917 477
223 497
761 621
12 6
561 982
691 931
67 157
804 468
533 754
163 654
229 341
955 247
151 741
260 873
989 472
524 987
154 538
670 660
248 930
668 366
715 576
771 383
661 959
242 316
706 239
462 340
642 298
140 350
430 893
198 36
571 199
932 924
829 588
863 850
506 55
259 749
574 451
170 432
580 772
284 168
503 340
215 444
34 301
996 620
611 157
330 826
476 269
439 443
277 460
208 504
151 487
788 711
923 701
691 287
340 985
897 599
491 840
939 668
865 219
591 352
556 838
287 757
653 178
711 49
307 407
950 586
661 82
221 144
768 506
557 111
283 987
337 70
335 727
835 877
488 609
655 35
487 166
677 551
254 72
903 273
93 982
701 695
381 48
2 904
325 698
84 527
451 689
765 212
952 137
148 759
920 112
241 264
714 289
776 87
387 960
338 293
637 991
801 815
55 619
252 578
554 164
53 543
272 981
844 318
807 650
39 465
982 567
760 608
41 191
376 907
121 188
339 79
472 477
808 770
883 957
516 613
130 168
421 428
578 971
206 824
7 370
355 896
178 518
859 990
567 257
307 437
386 603
974 840
776 260
852 570
429 866
160 975
927 905
187 30
803 695
143 190
642 190
788 193
241 539
22 147
315 135
98 269
339 726
726 966
140 477
621 713
965 284
434 90
768 189
643 827
881 356
881 175
592 977
925 303
994 605
23 368
558 357
870 838
445 478
891 207
325 587
362 754
409 495
826 907
922 135
300 682
338 501
651 66
512 508
641 866
659 50
932 508
19 211
57 900
133 361
678 72
633 792
118 976
313 448
874 47
967 581
966 727
821 945
644 770
688 19
888 127
427 781
154 975
950 684
550 865
213 219
371 610
90 514
244 544
468 341
890 549
300 420
853 458
322 89
265 1000
68 352
861 26
184 607
864 668
519 3
942 863
101 80
970 249
272 796
440 921
386 235
205 679
629 714
443 875
722 873
337 375
745 370
45 866
121 424
157 171
360 570
162 945
913 911
842 456
454 297
494 549
377 290
248 368
35 285
910 678
693 222
880 384
933 154
517 716
185 495
367 36
343 128
117 295
965 492
651 937
697 257
176 145
251 417
473 36
586 479
428 846
918 218
538 497
830 424
464 866
337 257
192 49
288 128
693 62
303 871
108 875
731 872
394 275
793 800
37 183
258 164
265 150
831 139
134 169
42 182
230 680
295 236
185 269
106 423
958 935
751 437
788 673
68 247
153 704
869 469
10 289
590 228
736 475
984 246
488 891
688 716
325 962
641 449
860 568
845 726
205 631
459 772
425 289
691 962
850 514
15 104
544 110
84 159
877 723
693 413
531 933
56 3
223 546
628 530
405 945
155 188
765 59
450 775
839 878
531 457
237 898
493 280
3 96
675 260
594 325
795 460
10 780
711 835
750 276
677 341
553 735
372 286
41 190
782 914
810 182
481 724
187 75
192 214
600 211
178 345
920 357
436 63
221 831
440 645
165 685
884 779
96 684
635 714
903 914
503 556
51 87
586 630
697 406
364 246
275 309
184 937
310 234
762 628
282 129
888 540
472 645
710 541
198 117
414 16
280 16
844 114
440 483
20 764
101 82
574 400
102 347
776 892
485 76
62 708
28 103
891 636
828 557
53 88
853 713
52 877
952 382
716 751
561 747
20 342
204 864
804 237
403 781
227 916
230 992
106 658
158 444
84 592
552 658
233 150
539 30
298 726
615 361
699 794
690 512
486 18
158 629
697 594
935 987
19 570
292 740
974 504
319 95
686 123
155 327
254 138
167 333
140 222
659 743
4 289
936 389
253 468
459 973
369 658
387 898
615 128
46 565
565 854
872 437
876 684
110 568
516 877
920 366
370 285
308 236
685 82
230 693
447 980
434 148
804 491
254 422
454 211
41 138
144 504
41 14
186 564
137 770
944 670
523 866
376 997
412 739
287 497
180 733
301 873
643 658
949 223
106 90
37 928
187 335
540 826
65 619
190 568
541 397
592 433
307 722
569 299
148 943
700 509
900 146
442 477
904 746
514 250
818 413
912 704
783 199
418 578
422 177
491 719
383 81
224 285
903 585
541 305
134 873
467 444
103 47
371 52
555 924
455 295
661 904
21 451
277 66
405 868
21 991
942 719
920 38
546 354
766 947
341 145
126 594
115 606
950 448
365 235
644 957
20 442
974 785
436 126
34 597
153 49
559 66
10 490
337 586
965 178
505 208
161 740
567 329
653 301
809 139
42 685
2 116
975 361
884 345
670 551
466 692
795 987
485 279
949 64
900 40
519 428
833 941
832 83
788 984
524 825
251 466
598 197
138 978
711 964
766 982
895 909
515 755
181 976
238 366
864 169
482 154
958 901
513 108
806 164
878 548
807 909
349 277
576 455
406 403
501 873
392 403
544 240
804 917
183 50
52 527
789 141
222 859
186 792
479 806
668 228
268 208
447 882
357 139
564 53
732 540
762 357
915 142
473 743
184 313
520 330
333 733
693 674
281 271
138 923
368 660
765 314
529 721
451 883
406 468
513 769
811 446
944 643
847 489
13 560
621 283
34 64
843 865
684 701
614 753
188 940
65 638
615 87
463 669
709 30
877 759
987 404
456 695
697 991
113 157
370 997
167 109
187 236
57 966
958 912
137 426
34 415
543 813
378 11
221 240
987 862
482 468
820 880
938 873
354 922
831 43
375 127
706 720
858 538
192 205
659 154
353 824
368 759
476 72
21 478
974 35
268 158
300 798
969 869
926 51
416 514
787 62
588 872
918 243
186 213
159 854
502 941
313 877
493 184
891 114
536 540
586 850
589 108
880 635
761 283
648 594
521 420
576 14
6 859
760 726
779 827
191 96
803 341
858 175
768 662
306 749
589 951
715 708
365 835
706 160
187 431
359 142
338 209
212 413
965 116
706 897
262 822
641 470
510 953
442 211
315 758
101 638
46 539
766 352
993 325
702 199
681 3
322 557
367 641
153 986
761 301
771 455
393 977
998 813
912 660
693 326
489 101
125 772
271 549
991 398
395 971
668 142
866 327
166 548
121 115
744 162
376 380
194 159
70 671
702 794
933 243
717 209
771 507
503 895
152 194
388 312
119 620
65 477
100 144
603 291
197 606
788 922
989 103
664 861
353 716
441 228
943 107
760 337
523 697
245 279
389 658
450 362
657 130
281 722
967 798
196 444
54 360
510 116
900 213
901 188
99 593
903 328
942 936
218 111
377 61
471 155
804 905
399 930
163 544
57 37
419 650
921 883
421 813
557 400
281 378
372 746
259 218
357 175
212 233
965 981
711 170
235 885
442 833
591 216
825 40
680 400
845 842
798 313
538 345
133 484
637 957
820 696
673 763
74 396
735 945
458 47
958 323
405 479
206 815
707 774
780 61
959 389
732 729
786 289
471 409
438 596
55 734
493 335
574 911
612 451
133 880
98 562
501 854
355 119
174 537
160 103
417 879
806 916
950 297
164 124
50 145
848 495
996 981
758 156
411 86
238 528
459 218
486 260
52 247
876 756
680 66
310 571
974 932
647 664
152 890
302 903
101 211
891 871
231 328
433 86
353 275
98 368
455 171
446 39
80 30
677 12
194 876
961 290
674 679
217 874
326 800
726 663
979 674
988 990
191 456
436 296
75 803
314 617
4 493
331 696
618 148
430 67
106 64
605 772
205 827
152 747
173 594
348 856
972 245
520 841
632 445
778 497
525 14
84 639
402 865
675 603
605 352
906 316
474 351
293 756
404 6
704 95
99 317
271 712
603 959
319 800
603 835
505 791
501 945
458 971
386 886
222 14
223 132
744 522
440 129
826 366
643 723
476 365
294 428
847 654
708 112
668 166
852 571
194 647
156 575
140 148
274 389
644 772
188 340
446 671
379 971
378 746
201 422
256 24
422 526
600 265
439 637
190 79
598 694
710 924
982 849
491 387
221 843
130 375
265 50
442 581
323 249
206 335
173 976
906 513
229 833
869 854
998 881
45 27
140 841
630 929
367 671
776 418
328 249
551 451
348 703
828 875
761 671
703 260
880 552
623 345
802 961
244 910
878 225
181 554
832 159
817 166
632 22
485 331
716 904
29 752
871 841
782 491
655 795
927 205
436 758
181 992
852 378
866 812
476 138
276 95
732 288
353 945
579 213
744 290
546 640
853 943
488 338
254 19
660 882
590 585
42 764
258 977
577 31
212 924
810 846
321 150
637 125
602 1
910 510
452 50
307 282
569 319
2 865
277 963
375 712
907 373
377 226
488 443
161 702
787 299
551 329
208 211
750 107
811 209
761 990
867 451
153 356
889 127
814 883
502 652
644 442
840 896
513 132
158 584
932 730
935 862
476 596
911 395
132 726
160 896
903 508
543 370
264 923
213 312
927 833
14 945
770 83
679 47
189 193
813 964
137 886
905 521
361 85
138 623
912 854
960 626
899 610
809 722
719 997
260 30
356 630
483 280
673 355
574 459
838 40
252 525
749 643
445 298
551 326
38 970
628 33
350 157
989 373
153 826
757 547
914 619
668 263
936 207
200 489
829 465
37 295
376 28
29 190
506 896
820 276
677 626
205 448
238 673
957 397
724 360
797 334
46 265
229 469
268 937
605 692
474 343
783 561
434 529
493 866
403 211
886 594
65 560
745 355
301 656
820 896
910 123
513 357
732 111
420 963
186 7
371 1
60 71
12 66
415 565
201 15
57 197
24 528
739 116
133 120
816 476
445 822
102 908
265 432
658 326
602 107
37 824
895 889
705 70
720 18
169 812
425 593
656 199
152 542
612 228
174 325
302 252
948 257
35 1
878 327
553 9
165 312
221 395
731 492
673 970
973 924
99 617
388 473
483 883
64 575
157 931
601 162
640 61
253 69
401 964
865 725
717 588
847 941
691 497
633 625
524 14
818 741
949 995
41 107
29 841
776 518
462 169
500 721
467 286
929 351
736 470
158 460
307 786
270 138
474 436
700 971
277 545
900 943
934 777
338 465
887 777
653 337
910 609
871 725
125 290
821 773
894 837
68 63
592 654
383 638
167 573
633 828
757 469
653 23
284 145
75 30
156 785
624 137
381 9
808 523
153 127
644 145
391 318
59 326
738 548
498 701
482 22
302 832
376 887
506 810
503 396
812 296
516 107
493 43
830 506
173 941
355 982
174 819
856 390
487 401
749 250
201 138
862 124
556 81
757 389
54 905
251 165
545 235
91 770
487 692
950 930
534 55
661 693
223 425
206 36
192 728
429 379
14 1
531 153
161 557
167 651
59 770
152 296
637 902
714 964
162 9
662 620
93 575
683 124
591 671
795 582
169 274
762 389
102 226
156 833
360 402
515 794
23 16
383 671
662 437
439 153
793 266
632 286
762 710
256 286
835 813
855 907
586 321
92 758
390 964
760 13
634 320
884 482
949 589
716 840
842 543
226 382
917 905
973 717
461 931
802 284
227 503
952 19
301 954
621 837
802 865
251 493
982 323
474 933
899 851
77 147
350 499
744 116
406 289
300 732
337 110
686 904
301 971
699 688
519 646
704 269
595 923
942 602
337 578
736 88
341 991
803 83
161 764
768 388
830 733
203 25
494 55
422 304
683 742
895 487
61 326
944 934
615 174
447 893
581 549
376 734
324 530
636 25
436 638
373 325
802 293
100 821
417 222
210 692
336 965
826 257
512 269
956 591
808 713
273 149
438 585
648 872
21 325
357 663
230 751
417 745
659 776
677 401
783 64
901 843
423 525
618 217
121 922
895 557
988 398
778 800
627 352
202 928
132 799
884 132
977 366
996 107
119 665
797 70
908 79
160 704
19 79
213 189
324 936
589 345
899 833
629 61
154 407
798 688
432 495
268 304
603 868
198 49
254 82
201 166
661 28
974 694
235 400
5 607
579 492
544 346
173 545
575 547
711 731
621 420
165 139
994 628
240 854
442 510
481 681
244 499
998 134
283 159
319 629
747 69
949 19
533 153
367 802
297 111
372 351
32 327
231 921
987 138
823 800
536 215
591 260
77 713
685 831
634 179
172 739
545 937
928 129
118 521
12 559
52 460
948 441
711 874
418 841
181 859
37 561
494 402
442 67
371 219
706 10
542 235
525 145
322 716
344 503
713 543
56 427
938 380
683 774
795 832
760 734
997 772
176 549
710 38
893 286
659 647
224 124
24 924
823 904
438 869
644 688
512 168
454 613
369 3
148 570
185 304
736 466
138 33
320 916
62 419
816 638
102 129
691 49
536 425
752 636
515 895
153 309
659 329
265 60
519 746
42 250
922 208
121 86
339 907
765 219
430 54
287 363
322 329
807 183
477 993
42 304
793 408
596 225
410 543
543 604
748 799
213 543
307 940
259 567
364 477
290 44
64 289
190 748
466 397
46 554
536 284
417 695
886 722
435 698
165 475
37 594
41 535
760 345
942 833
687 957
945 249
126 932
159 414
769 929
644 331
757 825
760 200
867 748
10 433
546 914
493 691
929 827
804 945
897 548
553 759
147 175
761 175
118 780
598 724
358 901
208 424
880 752
19 851
793 223
503 872
996 15
64 312
10 147
194 596
612 859
31 315
487 286
346 267
308 582
990 549
718 99
21 497
665 968
541 400
906 997
91 240
765 28
912 304
434 483
325 773
842 920
954 256
367 309
441 102
534 393
703 858
54 428
598 903
68 246
822 966
715 207
806 593
471 845
293 610
455 535
989 177
186 658
336 710
890 686
506 753
636 843
835 909
662 643
516 60
452 815
677 263
808 885
970 940
183 15
213 332
793 923
634 329
349 620
844 500
43 916
910 756
946 735
618 512
909 169
841 89
50 397
950 579
105 32
534 729
645 773
354 809
950 132
235 730
924 279
703 553
467 228
197 307
415 219
550 415
328 648
627 611
370 937
956 928
77 638
651 345
518 385
121 412
277 403
252 740
808 119
521 821
497 128
206 434
373 756
281 332
378 389
603 657
450 385
589 813
881 173
365 689
574 152
244 333
541 497
337 710
998 743
820 195
198 555
821 609
550 287
917 866
334 385
74 995
300 241
598 491
357 992
339 365
308 649
378 466
694 607
275 981
330 159
793 829
847 662
77 631
479 1000
177 805
377 882
998 444
319 526
394 851
952 153
218 1000
93 236
73 953
421 122
552 537
405 203
118 833
493 827
46 727
984 916
676 189
860 255
471 645
933 298
2 649
259 557
648 1
613 940
980 504
561 190
796 630
910 795
674 800
531 921
523 752
220 128
557 882
954 242
996 801
959 330
993 219
337 626
122 437
499 945
146 940
270 485
271 739
308 962
826 157
186 316
684 211
62 156
906 213
824 968
163 190
468 851
682 299
532 111
897 971
31 894
634 443
816 255
619 606
121 800
360 289
161 62
206 258
894 568
921 704
994 406
983 67
36 587
542 30
516 481
450 580
415 746
306 778
842 287
148 25
936 276
333 35
378 739
544 275
467 580
838 414
260 896
586 792
91 81
934 504
147 790
646 566
991 692
707 548
691 725
380 708
430 936
533 283
347 815
477 660
19 405
481 132
32 642
815 316
218 565
430 282
838 759
344 87
715 120
201 5
493 500
717 159
829 464
922 111
300 847
883 885
603 277
428 775
907 228
56 5
720 898
544 209
699 749
579 851
260 730
197 279
569 201
393 115
716 40
4 551
956 497
906 650
869 518
230 796
507 469
674 107
486 320
677 792
442 940
545 290
878 865
917 607
130 99
498 306
903 604
960 190
173 756
349 939
965 616
529 754
821 25
609 107
233 743
661 891
919 363
758 433
259 61
796 150
762 361
628 510
391 868
97 111
338 361
71 689
55 44
367 592
797 795
717 24
82 800
958 117
566 630
507 664
370 964
917 589
8 968
300 100
545 262
411 107
428 971
417 813
950 832
348 819
994 903
884 90
387 345
544 602
67 256
760 341
380 841
507 947
237 592
862 235
720 566
679 990
369 950
227 157
559 947
293 115
450 996
580 551
948 781
23 668
881 392
783 741
989 530
441 36
314 282
192 24
555 245
322 298
399 402
417 933
161 744
643 243
160 846
757 646
574 409
185 791
22 193
64 567
891 960
48 870
178 941
853 122
436 547
550 358
493 153
224 36
556 889
298 588
535 209
427 311
11 730
251 612
984 258
657 364
841 159
181 273
478 437
183 525
476 102
578 368
686 17
185 647
917 780
842 401
601 68
983 593
486 11
624 542
635 660
92 80
369 120
510 157
185 199
900 919
830 74
261 378
544 951
100 867
818 264
143 838
217 9
491 237
73 922
212 813
628 38
4 540
531 502
371 733
834 735
60 9
165 861
855 55
507 429
550 212
932 663
254 682
497 87
206 521
724 529
853 13
527 273
796 47
430 668
622 145
474 987
532 566
383 242
882 66
75 712
60 650
833 398
464 226
979 14
467 760
105 555
197 378
307 867
623 740
419 199
917 332
574 594
206 886
297 521
562 599
348 652
377 30
69 850
109 228
716 76
64 334
573 555
631 686
463 541
780 843
41 365
290 219
146 129
506 660
899 408
221 147
921 368
814 964
80 970
979 733
857 518
715 902
915 581
454 195
534 297
534 850
354 889
453 17
409 616
51 779
105 556
15 748
457 462
102 95
315 594
264 704
562 164
747 695
615 753
681 990
550 973
221 547
348 173
77 425
900 735
28 606
28 69
522 399
301 748
512 85
125 445
434 889
881 775
550 651
381 905
383 997
720 889
349 565
758 357
23 777
794 799
561 117
798 362
446 607
468 582
655 850
375 605
513 202
752 142
201 211
57 233
76 3
277 723
221 318
523 169
62 399
635 347
138 17
48 548
50 495
483 730
876 953
536 327
147 411
681 746
350 764
4 951
567 325
977 985
193 477
48 947
657 987
622 566
512 593
516 700
828 177
186 756
221 570
425 738
876 159
942 441
132 801
564 62
475 613
35 383
188 395
881 323
933 282
510 805
724 113
304 775
393 135
988 773
855 766
35 697
310 342
897 25
41 104
20 872
261 882
832 978
728 739
361 971
159 87
968 199
258 120
608 190
926 854
793 630
42 9
117 398
170 246
525 290
503 330
996 714
197 817
982 384
309 66
597 215
622 680
989 921
425 16
849 131
596 684
763 613
818 447
877 658
579 933
913 846
505 120
626 129
344 962
221 934
576 603
629 975
558 735
8 630
628 851
980 671
639 111
364 433
97 803
306 977
816 847
499 941
646 295
45 980
176 781
191 799
455 714
324 157
679 233
476 862
848 169
711 360
758 17
190 904
503 323
497 707
714 873
401 588
372 962
367 837
665 790
761 617
757 5
303 663
624 799
73 757
474 189
378 96
422 992
952 302
758 334
830 668
281 480
340 211
655 169
498 373
967 907
895 510
343 361
619 754
651 103
893 957
783 455
494 860
46 261
613 799
651 420
778 292
391 250
708 104
818 299
982 753
489 195
215 599
271 874
942 89
535 355
4 599
702 95
832 234
320 772
864 70
502 993
268 617
234 610
788 845
436 279
934 50
39 666
905 264
906 134
673 590
576 55
194 671
475 563
857 762
270 748
868 773
328 957
536 620
208 403
187 13
202 701
823 672
634 953
447 993
48 625
505 157
12 591
358 786
332 539
705 5
917 257
670 91
426 812
465 895
355 1000
502 841
55 786
270 67
808 125
220 44
665 316
495 273
888 585
669 348
118 962
376 637
290 587
589 975
825 966
418 372
493 208
204 389
760 56
135 832
160 803
624 210
181 472
8 947
757 90
888 882
464 361
119 171
105 22
710 629
911 33
217 282
533 617
626 61
227 571
194 19
3 695
616 123
245 850
618 476
688 634
687 982
74 587
147 326
717 803
719 3
186 861
882 18
666 85
190 957
945 66
286 753
432 928
74 769
690 783
554 64
676 195
424 293
499 875
344 206
834 700
320 374
67 313
358 360
378 737
550 28
734 329
442 713
974 102
97 28
856 721
888 227
432 575
446 464
817 684
912 980
693 113
948 495
161 907
608 701
693 700
720 49
314 824
427 619
816 991
198 403
632 746
140 399
201 823
715 960
917 53
163 705
495 701
21 805
558 981
140 970
444 141
921 94
600 75
891 604
268 534
913 914
697 157
751 86
848 56
462 361
538 257
793 63
169 70
744 128
941 602
576 398
354 868
31 411
578 196
618 447
74 258
670 972
569 657
770 530
185 741
554 877
809 483
404 510
341 477
100 858
899 122
306 478
983 90
271 147
750 323
925 718
288 652
185 9
367 241
224 609
580 909
708 262
654 868
489 72
15 341
346 451
787 219
755 805
810 216
486 319
761 987
558 256
544 575
891 360
48 654
655 686
285 175
624 818
516 397
488 626
418 71
934 169
555 809
153 612
760 625
544 83
927 271
863 207
586 247
71 382
880 928
899 147
558 276
44 778
888 427
140 696
154 109
410 345
138 612
657 530
622 401
732 228
380 433
678 872
972 704
394 714
761 217
65 548
45 187
338 693
324 118
760 902
435 951
534 385
576 194
958 774
459 592
281 656
448 885
143 49
288 750
400 291
519 561
737 945
220 899
166 318
205 390
758 873
693 995
418 177
37 35
76 437
158 971
595 673
760 818
453 827
48 350
641 365
434 538
643 712
533 425
699 913
974 751
611 678
341 33
540 269
501 431
440 500
817 945
674 538
416 321
793 522
200 35
58 928
663 49
477 94
298 941
632 912
500 225
666 245
543 90
637 299
358 195
935 252
675 210
903 565
749 530
201 753
20 584
954 7
494 361
206 311
912 179
5 840
942 694
23 525
220 565
122 85
559 610
252 299
459 343
438 657
769 33
439 610
784 326
206 795
959 379
744 915
172 676
673 838
344 257
469 593
905 131
422 609
994 327
222 716
722 269
906 651
635 990
999 99
871 684
261 850
306 142
222 883
788 683
987 307
130 96
719 909
760 429
298 916
906 794
578 819
819 129
410 973
324 576
143 763
747 473
221 82
77 824
6 171
573 795
246 90
950 79
910 294
110 113
551 142
767 566
589 274
440 962
865 444
367 164
223 227
443 770
833 299
407 504
65 193
562 129
488 3
659 630
697 260
401 199
789 374
931 509
37 124
723 955
412 350
121 13
534 898
430 111
193 638
878 131
808 518
807 189
55 285
581 330
763 571
820 824
551 219
577 759
54 15
221 821
93 96
558 46
518 451
738 672
118 104
944 47
449 583
374 587
213 465
14 226
713 825
435 318
843 141
111 652
288 769
793 971
259 108
30 613
134 6
702 480
212 84
984 485
766 424
513 452
362 914
455 5
898 707
663 239
204 779
811 373
243 480
315 959
407 813
566 180
988 17
493 152
185 415
166 203
77 857
633 947
614 127
675 704
997 280
517 360
375 148
286 924
565 964
788 476
256 306
950 646
682 800
845 340
701 207
683 972
133 669
192 572
82 896
276 26
259 177
930 9
159 772
456 431
943 342
899 331
646 981
387 639
706 662
245 778
998 504
622 436
187 8
624 504
398 247
503 579
147 382
682 66
96 33
352 273
520 643
170 382
227 99
378 36
157 947
545 858
601 357
857 216
212 216
586 499
333 284
697 364
826 296
348 335
960 874
260 131
478 990
210 799
597 721
745 445
925 623
486 623
334 985
177 772
715 941
619 537
555 913
833 858
688 392
999 114
820 576
569 781
659 578
783 861
57 404
185 207
223 515
832 136
651 275
908 885
339 287
412 612
380 625
435 806
508 107
54 315
241 733
185 56
591 959
498 602
465 962
440 305
121 910
910 736
655 402
739 695
346 432
381 580
699 124
628 14
721 740
244 749
705 472
529 327
802 895
260 49
62 303
165 504
830 936
987 836
294 212
848 635
379 257
410 582
635 614
44 27
393 850
583 726
324 382
198 197
237 22
37 201
439 813
866 115
967 282
155 303
762 509
57 985
891 684
322 308
430 973
694 366
469 638
87 931
590 815
75 923
167 554
982 86
223 84
73 291
64 424
193 1
339 405
983 836
569 427
825 606
787 710
627 413
517 390
369 445
977 363
536 19
423 743
227 510
776 951
983 654
358 290
215 175
15 50
348 602
513 751
536 2
508 652
707 815
816 587
339 777
231 303
213 800
184 538
168 127
709 645
495 508
852 540
67 883
709 27
641 363
932 318
290 977
517 931
307 456
349 668
864 415
245 480
464 919
322 446
633 193
5 379
240 672
621 272
152 247
100 258
37 618
842 53
47 549
68 510
583 457
425 5
803 975
2 660
447 723
516 390
807 634
244 610
961 753
375 930
771 539
143 171
285 769
803 242
252 769
436 147
865 490
520 155
858 370
244 913
44 278
524 707
424 929
648 411
301 588
337 907
184 875
913 956
515 896
952 550
365 356
717 911
576 146
901 216
479 785
942 524
925 151
84 937
801 329
641 554
417 381
471 792
12 745
221 16
811 589
573 678
371 447
651 228
818 194
952 789
983 374
982 182
328 306
268 495
365 390
220 834
631 879
154 273
765 873
834 399
467 202
321 671
483 777
731 131
218 664
808 15
279 171
720 340
209 775
344 814
649 645
534 488
310 656
702 862
388 863
905 729
133 786
946 71
782 689
234 318
198 263
477 865
238 211
554 560
793 664
447 521
244 705
98 724
336 183
887 361
836 602
746 149
804 940
655 359
531 886
218 135
732 189
224 162
811 422
557 235
691 296
392 547
905 955
345 953
782 293
213 827
677 561
37 237
719 60
441 525
525 136
230 662
400 124
655 78
767 501
967 168
103 182
932 299
399 209
534 483
24 947
280 327
277 256
229 812
926 194
603 345
324 443
452 240
881 184
15 90
4 195
436 696
231 720
230 943
585 652
909 779
736 289
624 299
55 255
699 782
183 401
849 157
461 207
192 978
788 351
891 720
360 947
641 710
470 296
915 982
146 50
699 895
538 397
353 193
108 437
391 609
483 504
231 160
983 63
768 52
806 907
218 797
516 324
38 127
811 547
960 812
830 572
392 264
984 332
507 898
975 753
918 67
938 840
78 81
830 890
669 125
564 792
432 835
532 171
181 771
771 360
983 248
386 790
837 568
192 612
317 697
266 502
303 272
459 395
742 89
493 479
629 341
522 135
173 772
230 895
627 875
277 587
307 527
622 929
533 842
788 198
844 624
757 582
475 164
117 679
281 329
230 275
673 309
410 916
655 461
253 978
143 665
954 96
20 287
204 985
733 195
133 24
681 329
378 982
500 316
653 796
766 895
322 524
820 307
491 399
419 49
644 993
423 963
172 124
467 691
28 779
624 726
268 461
161 141
454 991
787 539
75 406
76 280
847 860
310 885
690 319
121 981
726 606
525 654
517 329
783 853
946 649
371 38
369 613
706 415
670 169
375 189
106 691
231 39
767 113
713 650
577 363
130 707
311 207
439 58
266 7
240 743
577 733
599 9
232 698
284 403
830 387
517 720
475 131
244 1
597 413
491 638
852 974
353 860
569 846
859 414
515 272
37 129
628 431
956 524
370 619
271 679
541 529
878 462
283 257
123 411
683 295
73 620
271 437
590 871
152 185
315 778
670 144
378 71
741 554
52 772
915 203
435 990
58 754
898 775
441 157
224 795
206 298
243 604
176 841
12 620
161 900
515 821
75 311
826 800
431 701
222 255
973 797
133 704
348 938
724 357
976 341
946 235
48 931
344 308
56 947
481 28
258 169
494 446
588 182
902 609
409 870
754 255
618 345
855 579
324 119
804 364
453 992
240 665
231 896
169 216
960 490
647 360
447 766
889 124
713 483
486 411
337 940
710 114
106 459
15 674
714 113
200 140
419 87
425 803
922 282
242 827
205 389
631 937
668 85
831 850
705 540
356 665
468 646
242 568
603 197
362 23
967 137
534 789
197 149
152 531
27 385
210 99
367 754
375 874
615 963
910 452
54 784
583 775
350 700
337 468
690 406
832 650
597 272
598 75
529 27
391 880
785 177
623 49
736 86
728 352
849 774
117 832
456 654
631 636
118 236
781 815
51 955
603 742
912 60
877 145
698 382
845 424
367 996
596 786
354 389
905 19
541 773
457 778
927 843
655 342
52 76
71 698
348 528
998 147
20 418
222 233
829 387
758 47
557 645
227 254
134 606
579 680
121 768
855 437
859 587
161 512
361 216
455 22
489 624
369 849
125 79
482 400
736 680
691 732
817 937
565 832
752 841
288 654
420 157
259 973
208 476
57 89
656 292
554 444
477 86
667 327
354 557
561 387
467 886
670 606
432 377
50 136
965 508
966 129
170 62
54 53
230 856
458 607
521 634
61 730
350 13
240 470
705 221
67 599
174 366
657 190
105 905
653 313
198 222
717 748
224 233
438 617
348 84
421 896
761 258
65 669
464 723
706 846
891 643
965 195
930 103
276 285
757 638
348 203
574 916
811 168
556 570
238 158
230 789
621 529
413 460
514 822
697 193
492 16
264 962
347 831
720 250
259 433
802 26
751 729
244 315
262 280
675 652
214 24
545 636
237 153
718 953
365 431
683 3
719 778
120 538
728 993
64 363
488 735
82 305
984 119
322 610
452 898
92 441
292 414
592 71
187 672
331 775
450 916
10 49
376 156
189 858
603 402
567 733
417 17
275 431
52 311
243 854
120 748
629 462
641 806
980 527
161 386
802 420
434 28
281 970
401 72
238 42
346 689
777 484
439 938
996 1000
888 166
134 289
688 840
410 604
674 289
956 403
710 547
344 46
507 586
612 924
571 484
55 59
556 189
650 868
499 970
176 19
724 635
939 11
619 16
49 95
573 15
877 269
935 972
737 496
497 875
558 920
150 645
524 728
559 764
284 116
952 523
493 842
573 101
421 712
39 777
167 771
906 254
67 355
891 239
394 298
12 607
4 388
362 684
163 852
880 674
865 175
186 772
668 1
820 32
984 832
641 638
190 815
516 93
681 800
637 943
186 571
967 328
783 624
762 538
778 263
523 927
891 242
140 377
855 791
409 290
73 509
307 825
20 732
19 588
558 588
65 608
372 612
65 286
747 688
417 674
435 881
685 9
626 460
2 233
967 483
847 323
369 640
766 510
757 930
118 773
447 881
213 196
640 5
987 267
888 342
290 588
535 38
593 671
994 475
941 180
388 779
578 154
465 594
359 800
656 330
984 839
733 602
760 872
20 628
803 914
495 970
917 557
99 936
336 278
430 541
743 16
176 794
176 175
658 296
849 815
456 549
532 686
197 305
759 279
166 420
574 289
244 385
939 740
227 3
377 754
56 805
982 401
912 360
34 948
482 724
681 445
925 939
337 781
266 259
233 838
106 393
396 40
951 883
952 851
57 126
511 359
258 626
722 47
98 712
375 567
10 476
748 837
641 584
456 175
238 174
627 832
261 887
615 567
409 60
335 753
467 648
601 93
620 399
804 777
550 619
717 772
170 530
744 297
376 865
592 858
710 877
785 247
622 564
643 538
979 549
934 15
32 195
386 529
488 304
266 676
376 590
927 228
297 262
470 625
891 645
200 522
455 742
863 689
495 619
39 638
152 685
724 115
355 317
691 960
373 51
586 521
736 321
681 320
345 837
153 548
244 216
869 166
500 66
965 24
125 363
162 727
897 872
994 614
912 875
295 970
19 247
314 455
244 914
241 368
484 672
982 419
412 626
92 11
628 568
735 868
811 575
168 587
886 342
558 807
445 896
616 740
339 111
339 418
2 630
621 50
377 931
392 182
793 201
757 399
614 462
798 346
853 602
949 982
215 374
91 498
55 343
520 52
577 37
898 444
852 873
229 64
709 123
711 395
53 365
347 157
365 38
849 51
596 697
878 127
908 923
944 260
391 123
212 127
508 451
326 318
304 928
251 22
205 168
852 79
690 94
798 903
708 734
394 457
433 207
676 157
54 537
616 896
218 955
440 7
26 216
709 530
760 923
297 995
745 630
165 23
926 406
394 15
13 145
804 620
603 998
2 418
662 508
886 639
192 385
871 526
31 136
713 975
515 846
461 360
277 930
393 50
64 6
154 837
636 276
286 645
603 453
768 62
551 424
438 960
494 214
994 263
631 645
100 902
104 695
191 553
855 235
32 292
878 184
90 40
348 290
556 255
705 518
279 385
523 856
763 191
639 448
840 90
70 837
272 678
221 892
516 636
574 800
576 399
10 557
281 979
138 51
584 95
967 959
313 82
417 499
897 294
275 963
845 168
307 332
554 162
925 240
229 195
