934 2627
274 823
3 609
723 430
211 79
443 471
356 169
438 358
274 228
916 715
279 283
859 617
108 713
344 714
888 386
556 20
60 81
522 721
134 198
570 351
788 199
242 73
297 498
780 457
449 289
177 303
123 928
752 646
70 233
366 869
241 853
918 91
406 817
81 139
777 374
766 892
609 669
187 649
63 299
104 835
249 747
838 424
179 358
288 500
386 596
6 500
524 36
285 35
144 526
344 779
473 259
333 204
926 355
715 86
243 598
794 842
437 207
147 924
874 718
594 889
278 315
301 528
826 714
297 339
429 651
49 754
786 204
110 83
633 908
356 247
344 897
880 851
437 167
628 657
133 702
174 784
485 155
57 364
293 781
717 646
538 741
814 480
318 158
191 803
548 542
296 13
26 186
580 306
472 548
239 712
903 54
815 304
357 382
270 721
144 55
147 390
735 9
632 144
209 404
137 119
627 151
185 355
39 598
81 580
742 836
137 192
178 556
638 412
363 63
383 48
114 349
422 286
322 854
891 395
447 738
853 875
305 269
931 209
781 854
497 168
260 348
766 151
54 718
110 411
535 780
511 301
385 713
672 605
567 772
876 866
255 582
95 789
755 83
494 787
667 111
390 160
640 139
272 783
2 847
849 438
595 619
407 338
583 352
74 810
167 664
120 259
728 344
68 406
430 213
68 568
434 808
53 583
130 805
758 889
615 928
390 8
232 364
766 233
239 769
120 631
500 904
17 785
38 746
847 375
497 237
346 421
431 214
578 709
175 411
33 216
342 66
277 832
145 668
461 5
52 844
413 162
414 133
480 302
790 833
65 259
621 451
750 673
538 450
173 850
448 839
891 520
267 562
805 285
328 111
546 840
636 887
53 158
693 694
638 852
461 62
483 903
528 466
175 218
530 490
839 372
414 140
596 97
104 361
216 750
13 92
324 204
380 494
309 688
238 67
922 281
745 801
7 916
66 829
512 533
485 805
235 229
882 238
23 244
904 638
599 640
418 718
863 799
239 602
460 175
814 415
762 753
300 379
567 701
469 386
349 172
66 133
321 651
566 21
379 658
77 95
393 630
654 859
511 802
150 1
741 279
764 183
463 506
543 636
64 790
80 535
800 240
784 90
548 472
239 805
442 178
523 96
561 392
915 475
772 635
916 512
369 696
116 188
929 692
299 149
173 374
546 88
450 37
568 53
382 134
515 504
111 891
577 748
409 146
598 209
781 271
547 638
577 42
924 647
531 856
127 232
769 601
558 396
136 599
866 8
633 166
28 40
430 33
413 55
434 920
553 82
864 94
311 358
467 28
731 536
610 646
456 192
407 672
296 495
585 210
360 646
877 20
220 190
311 4
646 361
300 795
726 652
360 395
822 688
933 46
313 27
704 708
714 223
279 712
601 140
873 663
603 688
857 749
913 248
865 519
883 160
773 321
115 74
746 850
321 754
475 537
408 292
463 779
658 229
245 760
802 249
344 758
186 217
908 853
830 166
769 508
450 840
76 325
608 572
367 229
574 687
740 712
870 860
725 124
845 658
536 663
831 286
299 787
606 923
623 770
239 825
123 497
747 660
345 769
473 629
828 646
423 564
640 505
842 109
201 99
75 534
719 225
26 126
193 711
291 78
330 578
633 209
59 335
49 637
467 218
90 322
456 585
825 269
205 701
176 632
503 665
326 297
571 41
332 205
922 544
479 453
816 253
209 737
823 517
924 485
395 753
125 200
162 50
553 405
256 51
59 243
86 134
324 245
327 541
665 893
392 418
924 731
564 568
231 385
92 675
45 469
882 167
459 897
758 295
9 191
10 311
95 807
558 766
49 542
771 339
844 848
673 783
580 11
525 491
161 889
383 4
518 863
64 108
653 561
451 700
491 344
116 304
462 401
308 339
405 629
517 792
866 768
336 149
572 421
63 132
337 637
449 91
711 359
396 869
403 195
849 588
663 801
206 692
522 772
192 168
530 746
786 512
806 8
366 901
259 343
26 630
464 450
281 652
176 1
32 262
565 351
52 774
128 639
37 86
738 366
645 738
634 303
122 917
856 424
166 519
80 383
657 284
913 103
419 33
916 737
5 537
707 658
925 365
832 92
369 165
386 477
409 305
688 735
32 83
633 609
907 740
410 141
271 110
585 428
877 150
145 101
402 899
369 903
807 104
501 599
433 799
178 304
894 305
750 26
292 355
330 58
341 767
795 92
778 713
337 623
174 907
528 6
820 535
343 138
571 757
449 808
880 696
718 759
763 704
45 735
625 72
379 79
141 292
496 438
228 726
380 339
881 591
572 548
577 492
317 809
799 613
451 350
549 563
882 497
422 845
799 465
619 691
429 358
272 5
736 111
23 632
333 239
66 407
213 159
413 354
1 775
934 209
802 705
224 802
795 630
152 756
394 196
508 234
474 438
257 145
521 202
885 361
118 466
264 125
788 523
247 603
33 509
643 142
679 169
331 7
848 688
320 308
388 673
107 630
36 592
556 305
522 631
268 886
626 246
338 791
332 928
132 261
626 366
78 633
821 586
398 64
534 70
717 798
811 836
167 317
101 126
450 166
77 528
602 524
447 280
699 99
333 300
172 33
467 445
69 529
825 108
682 376
828 399
613 314
480 682
878 52
390 251
196 916
144 460
330 94
887 797
732 661
53 874
630 124
830 530
266 649
807 172
97 27
79 927
117 200
285 343
802 867
127 931
886 932
434 463
240 258
385 837
668 655
801 349
803 19
255 714
136 818
170 838
65 535
654 487
903 654
416 812
326 355
218 616
236 895
402 275
481 839
619 125
528 434
1 505
92 273
869 792
513 435
487 336
288 906
163 102
565 769
19 245
153 60
467 626
242 49
920 580
423 196
151 451
762 773
444 756
406 844
512 41
87 187
400 472
453 610
149 153
769 708
267 537
262 733
90 595
929 48
49 919
438 772
797 880
155 837
767 330
614 632
456 153
701 413
355 65
283 902
289 435
879 103
121 53
900 706
205 180
461 266
190 877
926 838
85 494
690 768
782 682
380 753
634 26
183 278
813 869
639 98
141 371
586 567
608 670
609 382
607 927
683 102
849 175
61 113
281 80
852 281
284 43
785 93
125 148
437 8
40 148
919 916
901 761
78 719
466 191
457 77
572 799
331 612
233 183
854 314
468 331
204 491
466 404
304 327
505 151
603 151
2 607
439 566
444 118
466 39
103 613
287 617
911 590
100 244
663 898
162 351
326 316
265 635
591 345
132 432
246 562
816 789
376 823
620 157
788 817
784 17
810 709
868 73
523 805
67 896
174 164
855 861
286 119
159 271
220 751
3 348
903 874
151 1
870 369
165 291
490 32
587 199
625 851
923 217
173 474
747 663
812 868
772 600
702 836
817 549
875 81
451 172
15 482
184 784
819 722
311 492
334 778
862 760
757 915
882 688
529 426
836 478
171 628
463 594
232 614
508 806
880 614
26 538
759 28
11 92
765 352
160 492
242 786
741 865
25 840
151 365
369 619
320 428
376 110
598 809
711 805
930 505
277 621
904 132
189 134
120 702
635 186
726 87
430 69
433 359
198 779
604 778
330 812
367 417
243 793
815 744
172 926
807 116
365 682
283 594
505 179
485 562
185 736
41 516
512 508
827 603
126 204
705 816
816 285
329 704
240 217
683 857
278 479
373 142
710 434
507 917
932 879
537 521
27 74
910 789
506 298
430 739
732 423
19 542
758 898
873 15
782 889
531 593
553 233
495 710
477 386
7 497
322 1
284 794
249 40
857 246
747 883
487 34
380 120
518 3
165 159
384 789
117 225
894 444
108 479
551 290
130 2
495 83
835 453
832 605
686 424
857 912
625 876
932 552
882 495
590 505
152 90
616 84
688 918
673 840
859 673
56 175
918 284
417 502
899 593
221 442
78 828
194 265
752 862
770 372
611 895
759 846
226 918
619 597
157 398
379 73
400 295
436 48
366 892
440 51
684 417
920 44
620 774
438 658
455 720
578 97
422 653
117 614
655 517
316 489
687 202
800 588
657 920
184 920
362 820
386 686
757 146
151 679
487 106
439 488
536 602
893 707
490 669
696 288
653 298
287 400
501 228
40 83
384 336
573 514
884 486
188 59
201 725
890 871
429 756
488 431
164 100
576 623
77 931
775 524
116 194
684 240
211 686
548 343
787 428
733 845
420 856
523 19
898 764
676 493
151 163
851 94
632 271
444 53
617 400
822 331
862 7
132 860
305 874
814 775
734 823
668 916
356 149
70 404
340 150
531 254
678 115
568 896
497 41
225 172
200 307
681 753
868 834
888 459
210 766
851 628
63 383
199 111
555 264
424 363
362 340
453 59
842 928
336 839
425 71
134 292
393 110
417 205
870 358
317 194
905 913
848 203
886 120
489 137
574 922
313 110
349 653
189 206
874 419
193 929
290 221
401 70
239 759
81 832
248 796
118 207
472 650
360 265
675 703
586 78
561 23
441 643
869 136
373 494
374 404
37 488
438 186
701 736
728 77
215 934
712 220
142 393
328 709
148 718
538 632
25 240
279 703
148 72
322 789
162 427
120 355
549 358
886 743
374 124
869 385
92 503
364 757
352 538
906 624
689 832
157 277
76 459
295 540
501 882
844 622
800 353
912 363
289 707
804 297
442 865
555 383
168 11
208 695
877 622
750 169
31 439
269 360
791 743
665 636
480 156
278 628
562 118
249 286
643 865
2 586
313 781
723 514
318 826
48 404
357 406
735 284
60 516
918 567
170 452
192 692
245 694
420 89
168 242
645 512
758 636
431 721
841 301
922 54
693 52
139 893
848 737
533 11
76 55
243 542
491 459
600 872
68 265
435 359
755 721
853 278
229 608
305 250
381 79
402 801
865 351
333 375
137 415
540 118
57 141
794 689
508 165
820 900
177 95
469 420
14 890
497 336
689 196
564 557
787 431
531 668
17 716
491 382
106 819
882 837
683 425
846 871
294 608
651 128
600 909
231 714
71 925
61 614
635 833
104 151
398 391
3 351
614 770
463 679
852 883
160 579
15 719
888 508
841 883
587 256
172 660
129 6
261 220
564 878
636 760
68 746
838 734
439 43
801 759
650 371
358 791
839 586
348 103
23 466
632 660
814 124
762 437
918 88
862 55
292 878
24 783
918 174
404 349
706 22
856 236
586 445
24 594
273 635
910 433
139 479
471 73
864 528
703 57
346 247
372 879
453 735
441 853
794 573
581 723
748 613
536 737
930 502
680 786
536 492
402 191
557 821
246 350
928 598
50 22
932 786
185 115
812 901
835 233
860 231
436 36
661 429
848 108
385 738
812 719
364 710
718 108
811 385
358 58
844 532
116 835
361 119
271 518
532 412
132 405
225 907
465 526
271 695
664 785
187 473
404 350
928 646
754 4
751 819
275 212
584 453
298 642
318 780
427 42
856 541
697 749
605 425
679 722
593 789
613 649
446 883
913 910
36 384
611 418
795 756
722 428
631 618
227 608
726 300
268 844
583 263
165 111
148 169
349 397
423 796
263 296
395 742
527 785
668 226
187 664
427 604
840 783
181 651
844 522
166 538
333 437
265 352
285 50
50 588
732 555
383 389
82 470
194 515
600 514
841 824
143 5
717 224
866 231
850 515
433 416
31 261
768 306
58 831
718 396
536 707
397 135
246 267
361 473
509 177
218 853
440 477
283 275
85 104
56 250
128 720
53 458
361 677
132 821
370 488
922 435
701 516
526 598
910 892
801 408
841 238
418 82
811 92
903 498
730 747
782 533
113 591
688 901
447 82
565 731
929 890
786 366
403 655
119 783
746 128
247 876
489 38
474 658
883 703
374 17
874 454
431 864
73 125
110 417
888 63
591 649
98 664
688 83
585 583
196 202
197 196
342 610
401 297
682 202
276 543
278 218
350 264
343 800
217 1
400 761
934 492
4 532
150 309
540 280
523 240
252 80
876 685
520 415
759 852
142 637
251 479
549 796
218 211
716 374
681 826
367 59
852 835
261 699
722 703
277 554
818 267
784 818
287 385
769 312
842 862
55 543
921 511
407 808
927 603
879 840
475 197
919 262
78 98
247 420
131 390
199 908
293 881
298 729
279 451
373 484
562 726
128 8
883 427
679 930
904 206
467 614
602 503
503 683
307 145
455 580
369 888
169 363
916 283
9 356
815 361
601 181
910 87
163 261
625 594
361 570
497 827
598 218
412 323
855 745
235 800
536 695
367 819
77 734
445 658
337 411
263 258
86 84
859 905
92 606
751 866
424 886
166 417
779 349
231 848
254 179
1 253
728 562
399 437
540 404
376 471
257 671
264 908
389 678
671 142
548 14
510 177
628 380
706 56
448 578
158 813
292 6
429 155
728 569
795 700
249 104
300 904
904 812
132 251
869 783
618 507
50 489
379 421
403 204
364 201
537 316
576 470
885 340
233 213
713 195
749 773
306 895
833 585
128 574
746 576
254 780
705 122
158 637
472 910
89 896
314 793
810 279
681 414
136 229
355 398
250 629
363 107
56 903
594 741
646 511
545 136
877 744
382 659
882 843
403 11
449 140
603 693
217 152
533 162
36 462
111 906
810 143
480 171
26 107
905 401
101 160
653 190
156 600
345 137
327 489
293 798
661 368
903 314
238 506
934 887
77 509
95 441
534 543
301 245
736 629
206 18
763 205
799 460
338 632
259 701
900 498
2 677
391 820
855 272
422 460
752 169
111 594
532 735
20 65
222 29
324 878
405 478
339 896
324 788
456 581
737 692
223 924
228 614
601 703
212 725
495 627
478 112
613 32
320 649
583 432
709 130
175 794
767 924
702 725
411 659
343 718
530 822
398 399
225 612
771 358
274 895
441 680
216 335
852 718
586 299
830 894
771 842
222 322
846 696
626 911
191 461
606 57
880 664
457 102
439 889
426 133
482 102
640 568
808 458
402 922
421 473
278 552
100 195
302 308
472 757
363 627
347 119
776 183
444 34
362 536
660 732
662 647
424 839
757 326
540 890
67 229
268 533
288 187
517 70
97 557
320 827
917 381
802 483
801 100
130 14
665 502
658 102
850 535
131 552
155 58
585 673
883 900
169 823
722 733
527 452
506 400
862 38
590 171
463 546
57 655
625 127
811 532
662 837
830 325
647 369
451 133
125 102
308 793
188 458
206 921
584 702
108 113
438 316
480 610
155 381
924 357
871 99
410 789
86 738
531 445
15 416
150 851
279 195
741 799
656 495
609 861
147 203
846 406
600 313
152 371
443 163
371 364
356 346
709 609
86 650
86 63
772 143
895 842
557 195
140 888
802 614
347 203
369 749
53 163
523 204
636 248
30 929
804 361
398 766
824 124
776 394
279 329
53 134
536 224
849 356
81 242
631 531
135 782
653 205
69 459
416 46
839 550
199 237
664 143
844 888
561 374
815 487
46 270
167 879
866 809
355 717
448 664
674 262
81 234
751 550
572 148
628 41
741 129
317 68
579 625
564 849
263 599
881 262
257 697
405 569
24 454
63 506
730 744
840 467
752 565
113 730
184 630
95 917
779 818
309 47
905 103
688 902
447 646
526 426
31 905
220 422
703 876
903 147
652 324
484 611
639 697
506 39
736 573
315 530
117 655
465 617
763 568
472 933
739 124
834 546
101 598
72 505
293 165
24 124
425 162
753 430
65 656
14 826
635 317
111 169
369 656
351 512
193 63
711 654
729 779
272 127
535 619
383 25
423 359
316 803
320 753
102 281
252 228
731 485
824 193
753 365
165 2
542 673
561 211
597 698
287 645
347 621
516 909
370 560
333 530
615 671
333 82
4 105
798 489
301 762
217 186
695 558
20 358
82 414
229 477
709 264
286 902
714 414
23 874
517 294
810 304
521 360
660 454
502 787
697 773
365 564
906 735
211 361
468 195
540 290
815 360
46 661
432 217
16 81
927 191
34 814
574 652
334 735
99 163
140 44
692 705
903 205
742 721
671 128
783 49
513 98
474 597
738 831
280 251
444 220
854 363
50 912
568 67
839 837
254 581
712 301
414 448
463 454
467 793
125 9
714 384
218 173
420 267
208 326
511 753
611 210
231 555
466 383
621 607
697 298
723 861
668 253
360 191
627 355
702 830
542 703
19 501
374 574
838 137
788 451
294 193
556 748
747 193
343 666
628 636
738 388
884 347
260 925
320 507
341 27
52 930
1 539
419 331
204 408
80 800
532 912
132 775
561 103
156 330
486 522
162 42
904 284
388 117
404 409
907 460
187 789
613 172
227 52
928 588
361 400
277 927
716 798
146 649
189 549
390 435
667 901
900 14
653 189
251 69
180 79
458 617
311 25
575 70
2 46
101 613
231 347
107 867
608 775
628 330
523 181
872 337
411 639
174 386
146 325
526 615
396 543
680 402
477 153
621 123
84 368
150 721
223 144
498 452
871 517
110 660
223 33
152 489
557 705
615 686
159 171
179 391
913 493
503 781
90 44
575 231
775 481
459 174
867 647
444 7
248 384
854 608
747 173
640 283
293 912
96 430
169 581
333 213
540 344
466 643
747 798
469 662
329 853
143 853
645 312
480 177
888 302
65 883
104 135
692 837
647 496
325 439
519 579
544 180
718 876
194 645
490 351
476 286
224 367
403 733
582 387
566 821
48 465
411 473
397 88
202 653
511 389
672 496
563 652
639 823
72 732
472 225
91 66
922 309
318 700
567 785
623 479
555 320
443 529
124 51
602 237
693 210
34 849
54 766
124 379
354 614
198 244
897 808
512 711
792 428
98 56
872 848
465 302
287 584
680 770
41 200
336 98
887 34
514 176
728 579
786 636
125 841
56 342
153 764
433 905
750 420
899 692
242 826
502 829
160 521
31 195
622 98
290 561
22 857
521 219
226 252
840 309
164 749
201 381
592 667
187 836
885 267
604 421
605 465
846 414
512 235
864 137
646 849
744 4
207 145
212 538
670 737
766 922
710 903
218 375
805 913
297 650
427 599
327 72
862 24
563 486
162 395
900 71
625 436
562 95
104 646
925 644
120 4
332 828
863 72
665 465
386 137
685 291
557 622
62 802
429 922
394 530
137 313
656 523
144 720
289 86
397 205
419 759
39 134
395 483
315 541
235 686
886 670
761 93
892 57
880 424
113 577
493 71
870 727
390 13
528 532
589 267
402 695
149 346
714 178
731 880
202 291
275 428
518 749
759 239
670 103
429 181
375 338
902 3
458 138
774 811
775 408
541 864
851 132
481 340
317 625
230 434
622 453
841 111
733 9
1 368
717 677
396 628
207 764
432 921
238 445
849 104
759 80
318 928
195 394
369 202
278 690
208 442
816 245
926 434
305 558
571 823
643 450
44 884
260 453
208 926
869 140
160 209
255 632
201 177
634 697
724 752
340 588
626 770
421 781
758 165
8 20
504 241
504 739
841 882
514 773
770 302
366 488
645 232
8 793
151 883
81 264
283 622
830 490
228 758
641 830
419 904
437 756
350 847
757 405
282 224
856 5
603 486
344 857
761 597
894 48
413 671
170 166
99 276
713 836
829 5
637 434
512 271
63 59
383 112
222 824
116 10
925 899
656 622
750 183
703 380
679 269
313 820
779 421
619 223
472 538
253 96
568 609
313 238
79 420
585 812
913 146
589 780
685 377
4 296
279 488
344 323
911 552
741 465
905 583
176 593
918 463
666 201
924 930
926 208
140 75
566 363
434 872
312 74
759 819
423 846
762 891
580 134
321 887
131 775
196 306
601 681
720 513
922 164
299 142
500 72
122 397
381 689
792 498
79 148
392 789
447 773
391 120
66 596
125 769
460 892
245 557
47 300
140 66
658 899
862 355
902 591
648 555
833 910
171 897
750 565
330 605
93 507
277 152
320 220
854 599
529 444
658 612
518 291
314 456
188 15
491 371
570 249
899 111
295 445
773 586
100 72
748 137
357 172
193 923
34 129
516 492
847 466
6 300
525 106
449 112
89 912
806 263
330 580
7 376
691 581
671 364
233 880
158 570
92 571
535 379
385 459
544 353
705 806
861 873
458 678
846 440
360 156
711 156
731 447
934 133
607 865
305 459
806 318
934 323
863 246
42 526
408 834
852 712
834 402
337 525
728 925
12 726
641 788
52 589
182 692
666 186
746 531
728 58
341 899
285 918
420 931
385 138
225 459
26 211
390 592
526 630
836 253
450 29
825 644
460 102
31 664
752 217
570 432
606 857
876 887
26 312
779 842
29 797
565 182
336 507
402 186
346 62
903 176
635 190
578 808
375 379
746 482
470 575
363 403
18 567
517 905
385 131
188 560
559 500
27 783
229 396
503 770
778 524
73 93
881 280
626 358
94 607
78 532
717 795
302 648
12 40
857 906
816 926
643 844
255 487
741 434
452 414
9 924
156 213
840 883
141 541
182 646
823 652
493 297
184 715
257 543
13 408
417 887
898 299
493 773
186 105
244 874
685 572
880 397
326 880
606 525
517 771
408 808
246 118
520 275
327 633
932 557
420 332
449 747
377 118
200 140
658 362
270 245
499 519
427 188
453 90
683 399
924 88
502 116
231 398
415 402
328 268
695 636
438 748
354 833
645 829
905 445
616 851
729 532
516 606
310 693
629 558
834 582
430 499
247 680
841 392
721 629
497 355
795 459
869 539
211 572
412 460
309 185
147 210
225 471
301 399
196 763
531 239
435 633
577 125
711 884
161 918
272 298
293 811
330 39
739 598
508 411
792 484
149 594
576 279
79 785
601 747
284 721
158 853
803 599
734 215
129 113
756 96
4 13
888 739
116 700
300 510
585 754
639 515
858 109
783 720
128 578
91 886
2 506
463 857
907 447
824 623
40 627
288 768
116 40
830 915
463 261
66 187
457 140
289 408
386 562
741 39
212 256
214 740
386 808
257 445
295 294
405 664
208 929
266 215
541 791
748 555
929 903
107 335
434 693
369 517
79 886
923 910
708 613
359 539
363 35
716 659
880 604
419 168
404 220
704 799
931 197
218 408
608 507
826 859
920 807
614 555
139 483
340 171
875 29
862 894
422 603
591 659
826 525
924 465
733 8
823 881
58 256
627 794
144 292
741 525
135 132
867 524
496 844
369 246
850 704
816 880
230 328
68 200
268 109
549 204
345 431
23 334
80 384
480 869
925 774
715 685
866 819
78 581
407 401
304 739
820 190
549 915
808 734
81 109
839 20
605 412
768 384
505 500
315 919
229 18
701 596
522 659
869 568
746 594
732 513
550 662
336 204
673 536
730 916
234 807
932 82
806 481
934 298
595 504
561 195
283 542
141 9
490 765
531 385
665 349
689 359
732 617
254 648
312 771
81 467
848 666
189 536
461 275
873 280
925 826
285 229
910 93
751 475
915 329
831 403
246 602
445 426
488 286
569 608
299 774
368 756
121 266
360 856
456 36
53 283
240 318
922 777
426 274
597 905
157 599
452 450
724 736
741 649
892 908
872 397
50 536
699 720
220 360
336 373
444 864
621 383
344 639
122 655
51 593
924 842
856 560
640 870
635 525
49 785
383 457
166 156
499 708
67 841
283 711
776 303
713 740
886 414
744 345
818 694
908 65
430 336
674 777
508 765
712 661
398 441
623 661
898 43
904 851
253 815
608 770
349 477
645 41
44 705
871 268
863 614
32 56
124 489
487 524
242 659
442 49
261 214
281 373
563 289
46 695
857 60
841 877
218 21
709 489
655 818
552 451
472 920
659 172
290 537
661 518
259 602
668 889
100 363
905 487
279 932
234 4
714 881
913 615
127 132
238 818
808 165
354 650
563 108
693 656
896 841
588 407
163 548
440 415
497 293
794 277
933 583
304 41
713 323
788 830
61 610
329 333
130 829
556 142
687 515
100 175
484 177
23 633
309 639
419 550
611 317
403 791
