1000 9901
108 790
633 819
593 32
726 260
994 824
772 724
81 357
281 811
601 606
285 883
416 14
330 588
705 289
350 907
705 648
501 485
687 241
282 685
666 789
920 573
22 818
566 526
435 56
23 257
425 114
749 481
491 497
415 466
717 515
187 536
827 744
171 173
80 743
541 614
709 516
801 729
342 699
221 426
832 241
830 604
524 671
602 999
325 156
382 839
843 467
387 377
858 97
83 422
944 566
488 694
654 473
72 949
542 401
258 502
757 42
608 750
889 226
373 305
841 71
749 950
371 575
44 346
262 417
252 493
686 842
770 460
132 949
774 524
42 402
73 24
448 694
712 835
875 753
880 649
243 123
153 359
508 365
918 30
388 637
256 7
797 376
120 460
484 85
301 521
215 967
312 286
470 490
846 223
684 206
691 794
525 826
831 886
345 474
494 245
240 64
941 586
923 619
621 694
12 802
859 193
533 601
579 222
764 66
584 680
342 168
388 64
82 813
768 430
200 800
481 613
360 550
930 654
978 854
541 296
778 554
601 197
565 418
913 193
472 15
550 62
952 793
338 584
874 662
782 989
791 913
978 632
596 319
689 747
299 867
598 389
295 907
739 337
157 934
364 410
426 985
904 585
814 204
616 819
158 528
688 718
783 723
533 556
853 679
439 25
391 154
429 99
124 925
357 769
12 348
452 43
71 835
352 338
242 579
816 318
979 858
135 316
859 752
111 871
244 466
667 713
281 310
690 682
15 621
55 380
578 907
941 379
512 293
17 889
134 4
82 717
615 501
67 35
158 142
91 185
773 467
955 528
473 361
129 565
939 4
377 901
296 225
954 587
995 317
777 242
997 407
519 311
643 467
703 197
268 594
913 387
786 147
15 199
649 153
762 754
1000 675
998 914
328 791
329 469
455 397
863 16
891 843
939 2
563 157
479 624
535 323
701 55
630 199
26 369
500 296
31 992
455 576
224 442
101 876
987 839
474 830
628 930
888 256
500 206
770 146
202 368
906 626
154 255
36 853
11 858
840 498
68 168
31 36
969 163
988 73
507 760
672 272
478 831
409 852
543 153
191 113
759 831
300 610
101 177
345 711
396 965
604 845
293 879
239 39
722 191
33 290
90 821
162 134
881 614
536 391
974 473
48 353
67 31
394 373
638 842
696 717
126 468
686 700
229 831
323 310
363 773
551 198
972 921
61 598
33 74
657 861
925 13
104 167
877 788
34 686
856 818
77 716
425 379
227 163
891 152
327 680
218 290
39 272
207 722
283 226
485 712
877 54
19 284
458 324
139 995
435 475
892 405
585 547
477 729
905 248
654 49
969 545
36 712
257 749
847 512
577 36
316 72
981 330
967 363
456 603
225 937
776 366
300 596
84 67
417 750
742 598
644 813
496 731
979 214
27 805
304 494
156 583
268 9
343 583
991 519
171 862
923 277
231 914
822 531
344 590
628 294
103 212
654 540
898 210
565 34
936 163
483 830
779 381
745 594
529 918
750 992
362 993
905 837
489 983
646 751
594 180
395 453
659 656
127 560
541 126
25 832
582 997
953 284
804 93
646 777
171 427
176 323
547 852
346 191
314 465
693 339
437 15
289 21
925 96
854 334
525 870
432 571
56 24
957 553
887 716
411 663
512 186
17 677
915 39
800 882
317 321
320 427
66 67
397 471
753 187
381 858
848 145
460 335
942 959
778 676
616 284
691 362
175 69
895 970
291 600
218 600
276 261
734 479
719 19
518 972
44 791
139 749
550 509
681 98
46 172
265 779
370 820
957 748
10 741
448 890
620 128
268 45
948 703
828 469
638 484
178 318
288 834
240 587
884 100
126 43
571 170
898 182
495 882
546 612
497 618
56 652
67 296
893 908
641 457
359 640
613 285
872 665
270 638
275 292
246 841
872 296
428 510
410 785
234 573
806 751
293 904
259 888
958 954
938 334
722 425
835 218
798 978
570 789
511 605
350 981
380 861
164 665
274 201
590 451
994 728
761 707
833 350
981 974
543 971
692 407
895 648
140 395
215 522
520 256
761 684
571 259
312 714
98 96
429 926
819 42
929 574
255 412
633 656
126 395
217 493
92 751
240 826
781 43
88 382
182 536
862 430
876 841
461 623
559 394
237 981
675 649
966 504
505 5
420 276
381 406
699 832
542 165
305 92
639 41
64 868
699 396
701 60
865 100
760 142
334 481
282 324
727 602
945 685
710 780
125 292
931 113
399 559
405 122
867 803
46 644
119 465
259 786
76 767
443 424
742 12
45 308
799 346
160 674
694 163
806 809
243 199
725 855
33 261
20 5
438 284
646 977
885 685
392 484
210 407
161 185
567 369
94 777
630 975
955 531
538 617
833 623
564 489
926 240
285 24
379 229
894 516
345 503
94 664
425 397
744 237
88 593
821 119
662 866
514 996
752 551
90 159
702 181
136 86
108 274
5 316
479 501
989 963
782 156
86 313
74 273
926 951
95 165
914 255
843 47
628 783
937 38
847 559
630 341
49 550
628 958
792 846
207 317
500 297
171 79
107 121
507 675
701 935
204 705
45 707
687 244
47 277
359 39
568 612
456 286
18 637
288 736
991 546
278 971
310 344
165 587
115 944
7 280
46 454
429 70
413 577
914 722
348 58
371 203
961 661
249 683
231 847
254 180
976 642
278 644
893 963
17 794
660 420
770 292
202 930
242 759
219 590
779 62
285 297
841 713
857 590
393 856
899 266
146 512
294 234
185 222
958 995
963 75
401 598
683 440
320 674
14 240
963 984
431 726
234 644
553 852
381 595
54 443
241 224
209 322
670 209
327 411
189 315
668 466
463 726
545 25
88 732
855 828
118 633
494 659
665 864
947 778
269 266
713 940
454 782
683 772
523 735
212 308
229 754
468 926
86 325
481 285
354 5
744 645
674 688
769 923
202 209
455 257
631 872
963 897
562 689
348 246
896 965
574 944
66 595
710 136
838 477
823 427
59 262
978 720
836 566
896 739
948 676
770 196
643 110
718 566
335 226
987 723
469 872
326 931
314 811
941 66
687 494
266 950
853 978
984 671
642 61
123 925
205 643
409 902
799 113
125 492
676 972
733 237
372 315
410 536
908 303
647 712
15 567
876 763
491 671
721 830
11 180
345 546
42 514
55 468
100 284
706 489
926 46
587 866
320 340
660 158
113 671
206 672
772 583
403 28
830 341
777 815
172 935
194 235
86 933
167 853
673 789
170 128
812 727
247 402
360 814
87 453
760 935
679 1
4 783
796 355
142 917
687 763
374 130
670 495
673 345
71 102
37 100
791 681
62 67
874 801
468 946
105 792
696 149
644 668
562 706
725 22
840 992
195 811
179 174
878 620
537 827
562 341
218 891
300 569
448 204
321 626
965 825
549 58
554 896
573 164
32 876
336 877
387 379
268 46
209 910
745 592
732 890
624 339
953 643
771 814
6 521
767 848
283 269
417 99
704 330
500 805
709 215
146 791
898 294
224 943
375 584
707 187
197 916
768 112
956 938
974 116
334 215
988 848
702 578
168 821
45 497
693 261
548 536
99 632
137 411
488 417
821 481
733 627
864 588
170 213
527 989
65 937
318 421
85 422
712 400
554 383
671 572
740 70
834 927
518 799
584 682
933 342
346 805
476 916
186 906
99 423
264 112
173 800
798 653
752 395
517 43
294 924
616 234
753 55
717 596
4 1
691 329
58 854
972 358
634 133
283 459
588 854
259 98
687 98
45 881
430 505
308 989
188 59
123 982
918 397
666 346
705 496
192 301
692 746
552 93
185 660
495 947
760 288
408 501
268 161
55 43
148 511
595 78
193 806
720 135
451 326
601 331
879 654
721 612
595 63
119 773
889 990
413 926
996 569
826 425
797 568
508 371
354 873
561 221
500 735
160 530
752 924
324 269
287 667
185 193
367 169
828 941
371 810
462 663
724 750
104 943
656 518
548 572
72 333
422 257
777 790
980 967
267 564
142 640
716 285
642 728
5 136
423 169
560 369
962 189
378 436
364 647
276 957
981 822
248 920
924 865
548 865
437 750
702 186
43 875
714 748
588 5
700 591
780 202
887 27
800 29
195 965
17 485
838 570
293 112
392 844
514 694
307 428
847 558
417 160
87 817
918 335
10 856
882 822
516 348
610 113
3 69
829 209
62 736
781 78
994 586
714 51
145 920
329 23
558 128
207 82
301 489
106 835
931 782
277 128
336 964
818 164
250 610
343 643
14 59
140 783
513 291
76 653
760 26
478 829
375 643
693 554
608 94
538 825
714 616
859 847
860 188
28 182
738 832
780 605
307 641
716 547
574 577
385 483
371 774
483 448
906 771
873 200
640 560
845 18
449 321
52 282
753 435
146 291
456 231
826 449
43 937
371 548
744 202
655 166
894 944
255 898
40 689
238 180
55 774
479 202
820 150
15 180
218 288
517 210
331 67
420 837
619 756
412 384
677 412
899 942
386 743
920 595
406 738
62 320
190 789
709 779
764 362
108 390
826 773
832 458
856 448
807 630
450 529
108 21
71 163
436 594
123 688
505 91
311 449
918 363
41 229
500 270
853 270
395 938
219 686
535 470
979 216
407 835
247 640
532 932
700 6
118 663
875 1000
748 378
822 529
571 275
438 238
149 873
576 395
577 614
487 375
839 738
102 10
858 732
819 590
695 35
453 436
812 253
261 513
727 159
69 56
383 900
870 414
46 556
836 697
498 449
779 170
358 605
416 436
185 249
21 355
371 738
997 122
856 834
525 787
414 850
536 20
445 936
172 928
411 760
765 383
52 254
589 49
886 733
134 492
797 36
764 57
858 50
19 92
717 845
925 384
449 79
985 429
658 381
331 111
459 50
332 316
795 956
834 90
713 466
165 119
248 686
909 285
329 403
133 479
887 368
814 469
687 73
643 175
984 288
974 671
714 248
224 304
734 255
662 776
274 585
846 911
101 674
853 659
876 276
883 592
184 806
94 648
754 886
529 854
672 364
568 908
58 358
780 321
974 808
166 805
667 960
604 317
656 237
866 608
906 667
923 747
965 260
945 119
547 135
585 472
91 259
571 29
111 844
651 165
939 149
983 776
471 84
242 828
884 243
133 699
962 517
254 297
658 997
135 886
547 997
34 16
733 914
883 61
542 168
584 126
747 730
234 571
402 735
111 147
42 374
977 81
82 631
67 217
967 570
694 918
665 652
940 498
657 748
621 691
19 11
989 859
873 930
711 454
68 580
472 837
62 920
238 876
973 455
132 185
82 808
856 747
415 810
322 199
39 730
632 806
826 554
550 162
695 911
848 782
193 223
799 172
624 805
880 447
699 469
743 548
925 567
433 473
682 284
745 896
299 868
654 158
514 501
416 600
735 785
61 290
724 486
339 64
247 731
219 662
75 586
370 446
758 205
170 874
249 947
177 190
396 408
412 500
377 805
700 189
97 464
775 813
926 289
656 443
984 600
964 287
415 162
736 137
662 225
188 632
48 139
279 880
323 771
489 47
326 650
794 328
23 686
449 937
525 744
508 140
915 564
183 420
849 328
556 998
885 570
585 388
29 862
983 157
507 332
310 809
480 516
855 71
380 37
379 214
551 846
384 858
95 594
940 327
266 274
894 522
787 332
204 458
427 301
122 591
623 185
75 383
630 751
385 721
356 364
490 826
203 147
963 259
591 780
170 488
852 524
946 633
982 411
624 611
290 961
972 566
683 794
21 863
463 530
230 827
269 373
950 852
330 869
972 308
386 691
905 373
653 719
303 42
86 430
326 505
239 936
402 425
499 983
960 323
205 857
153 966
524 723
654 378
72 530
52 520
662 833
518 805
675 632
795 416
373 212
218 931
348 790
205 955
611 904
81 757
995 553
121 148
68 501
1 468
847 109
560 613
957 765
689 839
822 677
953 698
721 566
918 136
536 135
548 157
418 934
859 586
2 809
635 581
245 605
618 217
448 753
451 178
658 817
770 290
37 865
314 230
206 936
978 193
742 46
727 350
582 455
776 279
54 236
845 815
612 526
142 367
341 624
659 599
487 790
492 764
493 341
45 800
333 492
212 771
950 372
584 438
289 14
272 860
494 193
511 287
45 745
392 273
418 477
441 804
815 702
726 367
52 138
753 259
682 769
129 647
961 350
924 838
599 324
468 698
386 255
768 506
825 255
43 854
213 106
14 117
416 964
255 739
436 271
424 335
767 443
715 169
735 58
593 533
117 383
800 169
408 882
317 254
47 469
583 7
511 56
539 101
170 512
852 228
690 203
250 306
107 103
219 673
164 230
404 597
5 978
482 897
377 173
95 819
535 70
404 964
49 435
413 690
148 449
791 297
23 899
301 93
908 459
313 556
54 831
883 405
386 509
336 560
85 987
176 905
253 149
130 718
23 609
174 503
361 44
848 40
235 334
388 645
387 874
138 428
26 796
432 833
950 587
159 502
509 877
498 510
150 735
63 874
506 981
747 753
416 437
54 379
556 25
47 902
757 461
834 663
158 197
859 72
56 779
654 512
498 160
225 888
85 384
712 374
566 369
489 547
695 535
272 983
668 385
320 575
82 946
636 13
758 915
203 202
755 425
597 406
268 902
89 231
39 305
5 481
647 950
251 183
17 275
60 407
100 944
321 933
340 135
436 402
60 262
557 982
27 119
30 878
736 819
308 596
476 502
682 313
593 898
282 171
586 349
257 639
538 408
425 673
528 734
122 285
243 841
233 505
585 876
37 485
956 157
922 29
923 460
529 853
823 175
166 858
831 864
851 30
762 463
391 195
306 601
624 420
272 329
55 118
124 719
896 414
883 286
98 838
541 328
157 435
859 793
347 45
709 998
171 379
913 114
797 707
46 585
585 313
220 708
647 65
119 502
450 321
986 319
185 20
462 552
526 733
232 25
105 301
12 847
646 10
578 756
261 56
262 771
169 921
132 299
560 294
247 112
998 648
972 973
640 334
347 518
384 524
846 620
505 720
562 819
891 69
527 467
237 459
865 866
834 191
359 632
251 339
236 133
94 255
847 935
922 522
450 551
144 902
550 50
493 643
326 457
389 600
821 49
356 653
364 240
239 772
826 941
981 271
675 940
16 351
787 570
827 633
993 337
352 327
369 671
10 821
840 764
249 523
272 120
382 871
610 474
596 25
772 152
842 185
127 945
689 858
927 480
931 997
145 552
192 461
102 64
709 56
757 801
974 180
97 320
793 280
357 158
58 93
43 387
336 663
729 948
3 7
991 350
7 245
135 448
376 999
343 61
842 716
794 940
441 45
25 942
598 892
889 687
530 693
397 874
306 897
660 80
814 840
114 246
756 697
594 300
479 818
963 47
7 923
696 676
629 954
510 816
497 87
631 428
303 497
929 34
824 200
592 932
37 469
612 646
945 547
809 677
147 970
886 510
61 784
155 343
393 334
982 408
269 483
658 946
296 938
999 767
47 210
929 765
715 140
471 882
970 995
691 423
69 519
356 204
313 769
867 166
944 889
425 391
692 358
786 448
491 74
24 807
320 82
374 261
37 347
995 731
652 360
691 242
175 461
503 848
568 615
405 328
740 877
524 818
282 389
698 525
738 282
716 377
415 240
610 432
3 498
946 124
376 182
784 237
215 327
309 654
148 268
798 782
1 289
607 770
334 226
985 874
983 819
585 352
346 308
823 810
898 415
168 864
189 842
643 843
360 392
656 725
436 805
55 717
480 545
778 72
929 236
307 560
648 596
825 28
475 663
973 172
777 129
405 704
431 320
566 261
396 262
329 778
185 302
743 939
108 738
156 626
386 626
321 984
521 364
910 48
92 797
717 538
723 677
260 877
286 997
756 153
297 224
209 924
504 988
856 113
654 164
162 830
532 832
718 795
806 511
139 594
286 647
966 37
556 414
112 304
135 934
102 351
316 186
396 466
988 404
862 357
240 724
851 170
546 890
529 872
657 307
362 203
469 885
418 745
229 322
679 998
64 337
304 192
37 546
776 686
427 650
335 781
767 782
161 517
883 261
149 73
667 990
872 530
438 441
242 790
349 530
560 255
409 677
419 433
216 901
286 125
272 667
422 621
3 797
498 511
725 780
814 567
161 245
966 786
56 925
233 77
957 810
573 916
815 895
446 246
232 62
712 232
39 125
939 51
977 132
806 776
47 598
512 15
133 25
233 549
949 487
790 917
170 30
522 843
961 313
299 702
67 495
191 356
748 615
790 772
517 52
757 735
518 279
479 441
338 831
725 305
857 233
765 560
403 733
813 814
207 547
579 916
249 345
677 271
36 665
402 351
758 426
243 907
984 770
361 768
88 72
19 538
517 359
576 813
207 321
889 282
529 409
178 73
362 506
491 18
210 694
503 875
790 307
408 621
118 838
305 987
235 166
382 219
383 358
326 358
81 572
419 60
617 531
400 243
301 64
714 299
201 372
720 804
771 928
519 710
500 800
659 835
676 995
791 985
197 716
8 847
614 83
300 15
157 434
876 730
128 184
917 104
889 545
656 654
313 71
453 712
517 707
718 124
363 931
403 204
647 465
878 241
926 773
207 963
557 484
543 657
964 506
587 609
994 613
336 135
602 110
238 882
220 777
60 598
808 986
299 666
797 183
661 664
259 312
612 234
117 532
833 195
448 367
363 796
793 720
661 777
463 937
504 566
446 825
473 893
202 133
781 325
505 76
228 37
255 408
46 36
625 476
754 696
758 80
46 204
156 532
692 582
605 291
596 26
838 171
419 75
489 243
828 494
681 653
184 947
102 65
831 793
983 968
840 298
953 525
646 536
205 328
278 764
962 837
29 570
840 185
604 434
732 127
290 198
239 153
646 683
149 129
777 680
98 875
63 975
524 339
160 678
237 584
609 349
279 883
324 264
128 51
682 614
891 243
25 941
399 685
870 311
345 392
91 188
879 79
156 496
108 985
273 564
203 951
789 676
315 805
122 589
674 228
493 34
21 635
351 388
688 392
981 893
854 485
561 470
553 542
22 417
764 437
801 344
170 377
852 637
433 537
985 20
967 92
951 891
762 498
311 728
630 318
227 505
134 871
283 59
30 788
382 599
648 467
635 325
212 498
912 472
878 555
581 57
155 146
691 68
560 946
622 556
951 654
629 272
829 238
244 818
10 726
377 151
175 460
953 990
348 784
371 433
486 930
117 744
823 353
590 532
717 959
429 66
896 569
533 956
992 146
167 594
901 200
305 205
289 704
182 181
185 919
612 810
779 421
598 977
927 229
77 306
370 316
613 448
181 497
997 865
64 899
157 378
881 155
133 441
315 754
440 289
684 252
760 874
834 689
906 2
981 590
928 566
471 380
823 715
366 18
792 165
132 462
191 109
266 308
929 92
270 724
894 548
570 870
788 145
223 284
575 203
595 649
660 843
591 893
705 678
948 78
640 311
548 896
994 668
811 318
977 970
303 234
30 598
900 120
369 794
21 881
830 249
958 434
264 154
434 214
397 418
880 362
551 257
256 814
866 309
28 194
912 437
53 689
592 461
41 89
459 710
117 494
870 740
804 754
911 574
473 550
681 9
973 977
978 573
652 446
102 461
889 95
231 56
435 527
908 954
102 303
214 981
343 563
434 749
153 125
718 421
228 657
176 828
177 85
548 44
348 26
323 844
237 750
947 139
171 640
888 110
138 475
512 708
215 219
396 535
880 754
241 580
103 518
419 815
828 993
831 258
870 364
712 154
141 950
592 688
42 657
3 941
464 67
872 320
47 736
736 619
232 63
431 513
957 510
787 281
328 530
935 433
390 929
642 984
678 669
467 900
423 882
748 721
234 887
643 839
431 545
630 725
354 336
181 701
402 186
982 449
394 854
235 716
911 975
715 198
919 464
49 896
905 713
507 912
770 608
769 851
386 889
879 856
856 479
909 363
605 572
464 828
818 807
819 66
126 400
640 863
95 723
184 715
173 449
376 307
448 192
641 919
516 305
790 304
103 917
836 534
582 54
202 290
41 992
207 23
173 227
415 79
343 727
651 504
802 612
515 281
384 309
525 72
277 54
137 963
525 368
747 288
136 212
512 672
694 216
271 697
755 986
257 475
811 924
668 803
443 496
693 400
106 346
439 612
759 915
686 543
673 844
985 978
798 553
43 212
234 585
602 84
881 690
260 339
355 855
194 203
745 496
730 937
846 963
546 739
722 565
669 90
303 332
775 820
53 309
455 129
256 601
773 44
242 334
27 410
905 124
565 138
416 927
200 806
19 234
652 770
860 889
350 139
820 85
596 615
268 650
167 617
1 769
294 882
101 912
887 337
869 998
772 153
590 717
562 373
126 396
731 890
18 643
202 100
611 768
169 373
151 445
157 928
163 275
917 614
813 725
969 431
25 455
867 584
466 83
382 71
131 751
887 490
568 21
272 439
922 273
145 840
936 621
684 507
613 427
708 497
621 848
512 652
140 581
270 684
327 965
668 775
544 797
656 747
161 195
159 456
755 39
112 995
404 417
613 141
831 346
320 812
962 407
724 746
194 781
253 302
276 859
519 233
354 583
411 564
74 838
695 552
705 552
105 408
731 508
324 958
904 354
102 847
105 553
288 7
125 566
807 912
459 110
668 378
834 110
856 714
621 438
660 662
700 587
599 840
943 289
978 991
783 200
787 781
520 432
244 750
649 236
613 547
9 653
16 635
873 89
226 32
373 959
782 899
218 715
490 765
340 16
371 174
503 548
279 159
407 970
952 682
84 53
208 558
370 998
813 680
580 693
619 217
213 632
553 251
882 281
975 180
117 220
245 407
799 378
384 479
700 237
888 373
463 369
746 895
220 74
438 177
721 555
708 311
430 981
931 293
867 834
182 653
546 192
747 488
149 164
318 549
465 23
817 250
581 510
936 728
920 253
777 596
996 424
580 47
690 987
379 422
823 853
556 48
190 56
280 203
890 806
946 980
46 705
604 804
417 54
608 303
518 124
77 996
815 714
301 732
837 275
146 287
402 949
755 289
497 113
540 627
189 411
336 177
268 782
750 100
848 28
332 389
5 121
687 637
428 880
895 766
476 856
210 880
781 601
70 672
473 154
695 835
377 827
666 939
313 577
649 191
504 512
219 281
271 504
725 125
763 166
554 620
838 308
624 864
606 272
604 986
313 803
83 693
709 553
602 667
487 175
344 135
770 959
59 428
900 302
801 826
511 362
736 520
808 133
348 838
75 902
496 721
244 791
960 64
525 24
670 963
178 389
163 299
257 818
3 306
633 97
154 170
983 685
282 404
842 255
898 61
524 935
118 538
874 172
603 998
965 243
557 207
382 415
510 208
665 207
491 517
704 402
867 894
393 669
727 398
461 759
395 507
876 752
435 970
112 845
591 367
461 118
888 222
580 252
565 576
863 894
256 50
954 969
591 284
777 624
582 161
293 926
459 490
902 40
790 25
622 365
513 975
336 14
673 129
198 676
402 921
720 886
665 549
192 628
544 658
707 446
413 311
894 976
185 328
494 450
226 676
246 291
7 643
800 891
138 638
566 406
971 194
188 896
368 413
41 265
284 187
870 236
398 183
826 690
666 911
514 87
706 412
389 976
286 948
930 724
861 544
902 907
520 72
595 509
359 311
127 299
681 219
113 393
634 221
304 674
626 470
169 280
10 796
230 691
641 357
794 188
558 845
904 596
409 218
267 276
948 645
667 855
905 846
249 757
388 404
28 905
965 376
750 902
557 30
487 629
418 92
564 765
175 664
345 513
331 143
384 963
370 212
354 817
71 15
483 399
101 68
138 222
307 765
845 69
902 20
54 501
789 654
574 748
422 361
515 678
926 332
896 635
863 758
440 56
332 126
677 638
750 28
792 444
170 496
474 279
549 564
56 503
809 735
592 217
631 152
464 620
601 861
714 580
571 949
973 549
316 808
759 244
122 235
472 22
970 317
148 977
293 796
536 607
277 691
530 69
17 30
992 588
826 936
174 916
140 220
857 790
938 561
61 318
754 571
357 711
781 37
253 534
490 440
456 744
992 938
75 590
945 435
614 561
961 609
466 449
504 244
197 63
92 267
384 500
457 130
314 893
442 310
25 454
851 78
634 322
140 913
70 342
698 999
700 185
370 564
576 503
284 686
167 477
843 348
225 392
867 809
177 493
452 161
56 650
907 95
251 633
345 748
966 958
842 632
104 773
674 401
62 400
546 921
441 50
703 782
871 580
696 568
362 596
989 665
683 338
24 245
501 787
899 8
375 254
266 286
394 299
538 456
273 554
842 941
419 884
539 819
761 903
632 505
25 717
573 983
15 46
705 728
542 309
844 5
293 281
621 437
243 467
878 348
144 598
416 811
240 239
916 1000
387 250
28 248
545 962
164 488
183 540
340 289
122 18
961 925
970 160
607 149
353 162
5 617
210 749
504 224
670 853
344 859
588 710
352 358
278 82
616 647
671 537
140 87
144 18
737 204
297 564
139 265
112 501
754 956
332 916
853 568
370 578
568 840
182 280
314 896
177 440
50 902
344 663
163 253
129 61
132 884
443 349
154 920
998 41
799 40
358 328
289 695
456 192
167 690
135 400
104 722
575 35
638 915
641 11
237 554
932 542
826 121
664 852
10 74
581 753
394 237
177 747
72 287
313 27
439 687
560 52
156 423
534 536
77 995
851 644
673 228
815 575
964 429
310 651
817 105
56 226
589 8
419 784
39 43
591 718
795 649
812 745
503 62
255 905
825 146
75 453
85 202
32 458
144 660
806 154
19 180
41 300
4 928
132 125
448 314
302 581
764 434
618 286
985 453
829 575
805 338
588 38
702 42
351 152
826 560
531 190
93 697
364 21
420 775
421 42
98 169
833 58
501 220
639 474
52 714
201 688
833 276
481 384
106 639
322 592
576 760
168 86
350 354
334 615
634 41
27 909
249 13
54 614
13 930
60 182
79 977
904 697
687 150
374 663
925 797
362 167
89 613
37 461
224 204
436 629
391 69
27 683
200 875
258 413
22 482
723 83
250 643
404 806
595 13
856 381
428 92
676 970
401 1000
988 36
898 348
646 742
189 905
337 158
180 636
418 57
771 615
349 623
133 578
237 314
347 114
111 21
375 896
161 138
508 39
492 732
220 659
648 740
595 585
579 460
835 86
929 141
627 472
699 999
846 890
310 245
910 727
34 858
394 626
164 876
735 471
213 177
425 344
845 795
617 460
13 577
341 84
159 967
772 498
369 171
905 215
691 706
382 691
644 180
706 413
583 961
431 52
108 487
680 736
423 688
139 661
996 422
240 902
496 272
278 312
559 153
688 926
193 272
586 345
363 64
173 319
908 822
291 780
697 785
537 548
64 402
945 319
359 101
254 389
295 765
166 719
940 758
175 631
185 755
112 573
784 153
179 213
932 481
400 658
258 272
319 5
176 937
446 271
660 491
77 359
893 224
592 781
565 562
505 956
966 595
698 149
937 955
771 579
59 853
408 91
372 404
745 150
263 295
506 53
997 8
375 868
51 850
842 807
60 924
676 615
318 476
746 411
285 13
58 671
351 284
777 845
315 794
392 301
488 310
476 995
203 797
440 57
668 481
845 625
216 416
548 843
163 723
200 729
476 914
661 564
909 395
687 564
891 89
929 868
531 24
860 852
754 243
493 861
829 259
925 272
692 13
160 406
126 833
350 137
616 383
13 839
678 924
731 606
826 966
282 792
174 810
108 90
847 705
373 74
193 508
253 978
43 947
951 724
754 774
615 843
796 551
488 666
248 169
1 451
628 758
663 433
421 550
709 403
676 44
864 452
520 560
581 105
448 635
951 107
258 756
41 764
850 122
776 873
392 830
400 194
11 20
289 682
112 775
905 26
390 104
11 101
313 345
572 578
152 13
595 803
889 706
360 400
713 492
141 875
354 722
926 104
313 111
85 467
600 937
674 112
821 463
933 645
43 807
39 6
186 598
122 584
30 351
802 300
34 642
458 630
111 400
749 884
756 603
596 816
692 451
234 845
790 848
62 223
783 165
90 268
369 565
934 19
47 850
943 291
252 552
553 317
368 53
647 779
373 780
215 422
186 255
36 732
697 766
737 569
203 325
64 141
887 311
389 696
321 786
624 981
364 208
610 152
421 279
294 751
373 46
819 444
877 398
974 728
713 937
558 795
135 958
407 821
102 439
946 9
813 131
326 815
364 502
615 879
823 354
46 457
619 505
361 281
676 64
92 415
358 426
703 322
885 342
281 248
724 852
67 715
897 902
555 686
854 894
654 810
694 279
487 559
298 556
832 620
686 379
708 471
546 278
394 27
147 449
845 810
563 314
100 359
262 18
335 760
393 833
164 394
858 407
508 28
751 192
453 653
294 387
25 910
348 337
565 780
615 278
475 890
333 376
318 404
265 232
215 884
82 971
838 878
160 129
950 632
184 7
967 3
721 288
540 764
851 997
377 538
583 702
986 132
109 51
130 984
437 716
22 746
756 814
423 937
909 678
911 879
856 680
717 728
53 412
477 672
557 860
680 517
403 562
406 343
703 455
930 277
579 589
247 971
240 923
97 998
459 763
573 214
316 64
190 633
930 912
511 39
994 223
799 570
566 775
923 374
727 836
620 148
770 223
610 414
296 842
336 791
799 344
729 564
822 747
628 302
130 209
791 292
964 620
395 634
71 882
594 797
701 535
903 191
135 209
817 58
140 809
860 120
295 399
137 565
145 407
358 373
813 517
968 9
676 858
242 786
152 214
75 978
345 555
822 87
2 552
955 370
779 160
674 470
124 385
825 866
377 875
877 718
787 282
882 164
367 799
167 4
80 118
854 326
322 47
86 956
678 656
152 658
472 879
476 911
652 906
549 542
252 370
94 373
683 200
665 837
99 1
744 970
695 895
130 404
393 394
36 566
535 588
916 562
665 647
428 590
669 774
711 143
937 214
631 980
668 66
688 768
468 40
293 131
297 192
870 647
445 328
339 829
162 862
307 283
296 8
259 156
957 493
304 563
32 514
53 948
761 69
671 720
653 69
802 641
153 251
456 349
510 16
791 219
225 128
600 372
262 717
127 873
700 151
386 299
903 274
137 887
999 421
81 329
499 127
962 893
529 618
626 686
55 482
349 705
668 911
245 528
674 280
399 497
402 567
756 396
370 323
922 474
33 369
563 335
879 454
661 127
581 193
133 822
336 462
962 398
279 984
142 572
716 609
627 6
476 529
423 45
426 211
686 653
691 869
17 708
839 521
830 376
557 480
461 459
100 29
765 285
983 330
696 892
242 250
631 372
616 51
890 574
270 130
661 563
8 493
66 191
29 297
341 119
379 501
498 562
155 511
104 389
748 982
443 568
527 252
460 349
549 788
532 550
666 528
135 695
602 686
752 438
917 897
667 102
728 120
726 711
178 105
740 999
245 15
304 479
286 707
1 593
391 82
887 993
784 984
771 226
632 832
386 156
541 788
818 187
267 387
949 675
969 61
125 316
879 663
936 961
519 294
394 869
266 216
196 25
91 357
127 611
475 194
465 40
86 568
569 594
586 528
828 565
724 646
319 162
197 514
881 625
590 107
462 670
210 399
375 843
97 303
677 941
548 571
829 866
945 593
289 889
142 651
768 246
38 1000
593 103
228 462
527 284
802 301
694 743
351 810
181 976
665 995
5 2
616 47
262 627
816 81
32 416
839 367
752 607
143 404
806 380
22 719
229 629
251 133
915 468
57 956
973 630
558 379
354 134
874 977
566 719
645 212
922 619
470 444
622 726
58 885
809 987
529 468
657 159
586 271
804 730
491 65
348 718
519 817
478 345
62 536
672 316
362 318
269 930
204 761
743 292
301 337
706 342
286 575
13 477
744 541
827 777
599 815
574 283
745 640
529 135
231 337
76 934
221 139
813 327
339 320
345 899
205 663
701 754
483 781
945 32
654 696
964 197
970 757
440 600
93 866
399 776
764 761
491 683
607 777
498 325
724 555
229 499
584 222
837 756
876 798
509 835
225 628
963 162
345 639
780 320
367 202
663 777
522 239
851 537
926 69
953 215
826 335
318 405
21 554
650 154
924 813
849 102
414 539
933 521
40 696
976 484
287 875
597 508
279 241
989 716
982 78
929 946
541 734
511 738
661 619
635 150
249 471
928 246
476 714
886 454
39 664
958 438
300 989
914 72
344 964
674 712
549 812
715 60
553 425
183 610
725 513
115 713
829 157
297 372
567 521
98 719
827 932
619 198
469 655
770 220
936 236
690 39
275 140
837 148
987 555
749 968
777 181
663 504
22 480
707 696
743 46
926 602
857 189
508 637
749 857
277 30
422 507
428 94
996 834
508 492
146 811
681 602
196 81
292 588
24 482
484 680
249 791
546 315
89 559
58 330
416 459
698 465
204 106
720 377
497 816
522 131
560 466
579 462
998 388
697 159
54 492
330 618
167 7
206 731
959 59
137 865
178 732
712 380
163 676
755 318
265 404
104 140
770 2
553 969
5 90
759 463
921 448
51 308
109 22
352 885
189 158
246 337
545 174
123 390
861 652
865 713
882 873
303 123
216 147
753 924
476 605
562 762
84 138
636 975
908 436
813 433
450 588
400 185
438 641
40 208
648 495
667 413
706 701
799 648
487 204
787 548
934 917
828 136
574 508
836 643
162 974
932 190
24 915
351 690
581 337
721 634
453 238
275 770
793 833
741 923
83 33
468 493
608 832
165 372
211 325
908 485
676 921
521 984
171 595
393 557
116 154
954 150
976 578
129 113
565 358
851 361
871 895
659 695
368 786
572 696
186 495
993 882
64 975
998 326
713 502
987 243
474 418
57 378
845 241
612 716
258 931
629 906
46 962
634 900
56 958
898 755
381 202
264 651
318 450
47 640
157 64
655 961
218 94
327 656
309 133
882 201
901 321
32 278
858 110
473 388
517 881
169 899
665 518
80 226
597 451
11 993
655 20
164 529
330 761
222 299
960 592
833 198
284 154
605 890
416 770
143 337
312 723
22 514
209 60
411 25
801 401
2 502
807 607
478 211
923 98
736 828
155 28
140 328
420 744
394 198
611 290
257 556
311 401
900 338
286 72
896 901
643 240
240 819
849 987
649 551
687 219
191 789
213 608
405 923
330 268
904 627
945 345
672 767
512 836
438 263
556 985
254 423
572 24
274 823
370 672
206 266
926 515
693 828
949 674
399 641
864 454
517 543
903 369
814 948
17 831
72 318
269 525
182 32
651 361
837 398
112 213
225 510
228 907
928 833
391 963
582 466
897 90
475 114
78 141
618 268
964 150
952 637
802 327
811 168
684 164
722 499
696 830
398 310
646 232
752 705
74 981
11 598
788 857
759 262
415 870
682 87
159 776
199 207
311 817
277 897
43 867
321 69
506 459
416 959
199 92
312 768
477 116
351 161
670 559
530 130
144 585
53 567
769 878
554 12
627 974
630 307
133 399
500 139
231 476
838 716
93 411
279 42
966 160
439 288
425 850
64 62
566 328
839 835
295 813
121 44
13 476
201 68
170 841
870 942
541 838
755 602
809 406
297 586
496 165
396 266
126 25
775 782
708 307
211 381
858 704
496 885
449 797
529 561
628 25
223 839
617 776
29 650
656 700
361 202
271 765
581 218
777 600
622 490
719 608
721 193
941 742
836 460
273 634
294 30
925 445
315 983
49 28
410 961
30 302
963 23
664 484
739 616
63 418
32 350
712 464
55 798
994 550
276 601
192 532
217 967
720 855
117 550
263 834
89 61
201 603
146 76
127 418
921 739
630 287
170 745
247 965
40 299
88 114
991 474
866 614
523 948
528 602
139 239
18 692
205 886
403 786
524 750
121 95
66 680
149 517
701 962
460 880
210 863
50 244
586 2
469 654
712 832
37 458
349 424
540 503
28 643
31 236
32 710
306 477
681 703
130 175
313 574
131 666
483 987
482 762
196 444
606 739
892 377
560 919
854 809
124 590
361 388
336 710
66 798
267 168
125 84
822 442
971 860
612 602
828 527
885 586
337 44
852 946
611 451
827 321
794 570
890 983
580 15
208 452
323 254
731 237
586 696
128 496
663 812
298 800
251 768
510 739
4 722
902 191
9 188
498 383
416 170
61 25
399 926
968 598
643 842
701 147
313 391
332 421
313 722
155 356
564 200
587 345
553 601
181 696
809 743
517 62
494 433
596 729
887 42
635 181
85 92
88 816
431 64
308 317
865 712
887 475
943 485
902 465
801 500
145 104
455 335
238 549
131 173
459 776
278 332
355 331
304 727
917 182
86 489
574 274
689 708
853 441
417 921
252 816
187 755
294 565
853 298
228 827
196 611
508 845
71 413
560 710
267 264
965 945
605 330
842 140
330 376
371 364
154 138
687 292
799 318
654 599
2 966
335 414
120 27
744 308
728 585
803 25
183 299
930 946
760 90
370 20
263 147
253 35
662 319
738 657
996 413
707 834
46 592
368 713
242 903
376 577
551 930
545 269
358 960
17 948
398 347
223 450
995 445
189 622
764 230
835 979
286 741
955 751
559 54
199 687
449 434
358 802
569 97
899 560
402 8
332 457
601 816
268 929
416 916
255 723
716 39
865 891
288 132
9 779
653 594
291 657
511 778
898 696
1000 705
820 372
87 695
236 19
18 986
735 123
313 750
355 359
356 692
909 394
748 246
519 996
843 138
496 319
739 461
417 933
566 946
260 577
279 231
541 752
838 18
606 14
469 674
990 361
26 2
634 479
581 308
909 253
490 55
201 56
992 797
584 379
831 828
614 388
10 542
49 508
676 47
698 995
201 137
628 352
390 333
818 264
214 641
175 645
676 958
2 861
776 876
158 840
83 32
474 357
275 620
996 546
577 832
618 637
140 578
215 158
72 408
977 395
536 803
564 733
941 825
475 994
538 716
262 964
300 271
375 837
46 991
508 106
146 677
829 864
793 442
578 672
815 829
891 427
335 147
400 71
642 721
152 349
651 645
449 493
57 224
675 302
597 486
669 57
483 26
356 276
950 514
521 226
443 223
41 325
208 690
373 664
502 52
818 850
291 653
401 61
109 525
481 271
325 918
142 372
117 276
615 565
27 52
815 87
793 621
210 745
857 886
362 316
201 257
93 188
244 824
852 63
750 993
72 617
383 343
102 261
106 840
663 415
235 501
976 749
295 535
794 402
244 77
232 525
413 968
451 301
658 709
23 597
719 845
478 949
358 735
737 422
646 792
586 645
900 20
510 629
243 346
831 357
997 77
321 484
983 46
73 959
55 635
756 740
890 658
413 445
553 834
42 627
417 295
534 911
403 123
976 87
100 215
247 384
565 43
169 986
406 921
99 409
134 392
375 508
34 210
252 361
554 463
591 1000
904 146
844 436
972 193
921 881
908 601
910 59
714 920
877 188
109 850
919 315
248 522
838 297
868 879
786 396
582 518
761 332
279 73
905 459
892 654
108 157
724 649
18 693
573 37
352 663
188 5
279 190
746 555
247 746
292 59
979 393
425 734
527 581
966 431
473 714
183 947
735 742
629 111
41 910
225 121
23 810
140 966
178 273
876 440
272 163
936 893
330 468
828 443
634 646
988 177
129 492
93 979
96 121
409 908
798 406
505 571
90 587
988 32
495 208
462 395
410 622
379 635
551 603
715 809
275 676
225 549
888 227
158 19
984 822
846 92
573 828
315 532
449 538
447 51
195 42
252 201
698 479
11 155
336 116
67 228
765 389
215 932
717 98
627 495
80 105
228 49
377 985
706 575
768 176
453 896
228 384
432 645
868 963
894 981
18 704
146 399
555 105
705 644
946 819
634 391
877 126
255 574
825 291
612 253
399 924
958 449
136 24
284 176
895 622
933 781
204 895
282 913
320 324
175 78
30 967
472 63
274 269
277 666
313 721
868 421
710 448
515 818
74 430
260 991
373 114
778 796
535 63
325 255
773 336
473 516
546 951
411 458
486 770
359 16
311 173
886 291
45 769
890 758
249 926
837 229
50 153
839 923
608 723
590 551
774 734
465 662
410 305
481 893
693 806
292 779
152 651
455 803
301 185
567 162
789 356
337 365
671 896
158 877
380 709
435 956
202 913
385 151
189 937
650 653
637 299
38 662
55 364
367 46
594 30
832 599
542 774
120 361
705 683
512 341
659 550
99 356
934 326
438 271
451 434
594 433
322 982
696 545
785 944
181 39
149 441
8 547
928 628
871 684
273 577
717 6
403 66
955 625
717 873
66 408
543 670
864 565
21 608
246 657
82 910
345 192
221 941
111 489
4 981
80 371
105 704
517 17
288 932
29 471
515 624
53 465
868 458
361 852
307 189
239 927
95 219
207 445
743 607
464 911
589 601
981 166
749 330
946 142
986 703
737 755
719 391
22 221
377 670
856 223
396 2
844 896
867 481
596 33
339 56
340 359
594 958
794 12
558 221
932 324
803 214
16 132
179 592
453 337
270 916
822 321
913 539
589 586
862 582
24 377
187 218
196 4
298 564
261 576
232 304
674 315
548 320
197 638
879 374
729 569
42 561
629 923
99 928
974 457
975 560
209 177
372 539
786 707
592 894
555 258
994 830
367 800
993 721
388 891
63 59
356 55
200 98
472 524
824 353
436 111
203 940
940 463
427 292
946 780
255 912
275 152
502 875
724 206
878 502
791 517
406 621
325 627
209 874
458 340
258 515
744 773
284 248
195 975
397 439
436 419
679 289
717 622
809 960
136 447
105 937
606 318
165 60
187 604
481 383
445 284
283 417
841 463
967 379
239 800
871 287
504 823
209 928
112 268
304 648
813 674
763 666
516 503
40 456
921 321
44 496
374 575
27 994
840 623
628 214
828 912
486 52
822 690
438 139
885 585
784 229
340 968
768 873
253 121
751 494
135 399
873 404
616 613
106 269
107 988
181 381
846 65
349 951
319 195
142 584
660 141
328 878
922 106
591 439
868 872
1000 160
470 196
18 445
471 373
437 389
563 69
523 268
932 840
57 146
739 618
556 844
579 245
161 444
750 110
440 245
973 309
623 39
281 971
691 636
29 381
949 316
496 188
712 312
709 864
527 19
617 513
325 599
587 268
181 723
425 1
501 310
528 958
786 122
435 88
867 125
388 290
528 973
502 128
654 61
674 711
752 171
681 225
990 117
903 870
562 676
123 193
952 588
457 402
311 475
390 974
84 87
468 246
625 413
974 568
480 204
390 601
761 924
601 340
654 462
199 535
420 448
316 273
227 982
728 849
749 965
419 8
224 176
818 195
236 943
370 633
614 220
281 216
620 965
219 868
220 46
101 328
654 778
607 161
883 186
116 779
615 339
875 659
840 71
511 649
346 272
935 328
295 233
613 382
910 958
587 799
988 758
811 855
370 61
905 43
348 115
158 306
470 224
734 877
937 77
351 295
242 288
91 874
539 766
948 72
389 151
783 14
730 79
234 894
751 823
811 386
152 517
431 477
783 104
560 29
535 987
902 622
734 681
293 429
886 868
778 571
655 467
236 41
237 256
737 697
701 145
44 884
203 87
322 542
970 146
348 514
973 797
339 961
799 142
676 448
605 422
496 356
577 397
575 910
517 4
50 7
325 143
112 340
59 319
758 255
634 441
887 537
690 119
729 491
664 678
974 903
791 215
499 293
886 339
942 97
457 907
547 339
503 897
478 751
296 381
535 210
352 1
98 637
542 730
597 533
67 758
143 379
5 283
434 539
328 234
813 29
427 750
780 170
582 346
185 976
370 505
832 569
581 914
565 573
603 742
840 20
863 824
366 768
794 749
959 277
318 743
671 161
506 911
471 479
422 641
284 674
180 371
452 504
327 764
272 782
459 396
650 127
985 580
893 339
90 96
932 817
593 127
406 868
977 216
123 58
454 528
899 677
20 314
795 628
674 843
802 372
199 228
402 6
350 848
441 724
299 658
835 484
658 343
758 735
610 786
648 409
458 7
571 971
18 73
613 520
728 350
691 338
53 577
992 723
717 730
444 66
942 705
58 240
714 800
58 972
603 58
574 268
515 822
834 457
799 617
321 698
417 955
143 993
610 96
494 911
474 815
680 910
435 182
629 546
13 262
348 955
700 192
667 777
129 864
409 557
899 330
366 139
408 367
546 557
306 626
415 148
127 670
721 593
849 420
339 390
323 781
435 923
111 874
422 963
315 369
121 706
216 982
859 892
417 193
631 14
185 861
737 408
261 464
51 772
851 546
129 870
556 75
930 1000
557 286
318 274
930 112
26 184
318 509
247 265
428 613
214 178
4 539
952 279
56 204
124 171
977 181
270 243
184 112
883 715
260 461
233 738
192 523
564 275
622 9
826 530
223 508
797 147
375 395
969 982
813 652
824 47
327 36
330 792
468 306
853 172
311 169
417 800
255 326
810 145
723 656
249 281
696 344
184 428
259 58
338 545
728 169
343 848
587 222
843 168
183 651
22 783
792 858
762 72
835 796
218 774
239 656
700 390
870 978
43 923
275 831
93 92
809 411
373 508
447 581
791 396
425 289
927 92
289 728
129 55
807 62
873 266
641 412
881 823
879 292
625 909
719 847
837 752
620 640
695 246
846 70
115 504
967 726
519 181
977 6
891 472
708 242
195 449
73 957
627 450
206 707
320 702
506 665
859 151
80 30
133 44
996 4
155 748
686 824
677 687
553 977
551 74
997 656
151 600
731 334
308 437
751 643
744 979
378 177
670 132
199 61
277 787
649 160
49 924
359 699
435 91
274 295
510 648
464 953
448 478
640 988
878 604
135 763
192 979
122 412
28 51
169 181
866 47
294 524
653 971
302 11
417 867
344 829
309 821
145 316
678 358
348 861
629 508
995 766
853 644
502 466
6 654
188 869
396 346
948 863
239 394
849 706
991 923
116 455
634 644
157 643
968 477
345 995
438 148
315 475
438 7
443 358
577 925
615 253
104 677
595 881
542 595
589 462
285 62
940 931
533 43
989 569
779 167
659 637
471 427
212 364
781 946
678 44
68 693
622 372
143 133
825 982
609 639
420 820
320 666
967 984
517 793
441 846
575 23
760 620
959 180
263 332
164 874
681 163
510 960
924 188
651 604
670 328
490 888
979 649
21 812
61 879
133 290
47 119
467 552
527 118
236 155
666 918
80 439
175 72
329 408
239 901
899 772
709 597
834 371
628 843
610 234
518 953
903 837
193 490
838 410
343 792
169 413
447 814
197 435
715 314
112 341
987 666
624 240
314 864
500 11
982 871
490 97
609 253
338 45
419 180
862 616
42 825
404 192
352 241
525 360
514 427
452 180
176 62
107 534
557 168
931 485
618 406
694 67
793 306
82 731
927 987
566 9
15 317
287 568
552 967
224 520
446 834
342 472
384 760
494 135
111 378
406 980
669 82
156 139
764 80
30 756
354 268
561 762
545 221
963 698
692 100
235 531
517 31
136 54
726 592
344 441
679 319
826 849
461 297
938 887
353 445
463 944
640 17
71 207
93 435
790 539
424 384
580 955
652 536
249 237
286 810
221 367
867 261
26 158
780 267
193 615
781 94
378 685
236 323
610 464
496 528
437 256
896 679
382 252
149 837
371 333
997 513
444 391
103 130
583 564
434 685
382 79
165 448
991 979
261 684
924 822
598 851
533 784
55 428
992 126
828 748
6 880
444 741
266 197
326 93
286 128
915 720
662 367
196 279
704 465
447 407
105 68
56 512
552 645
829 596
803 915
974 92
116 844
246 823
466 911
358 641
355 669
427 120
379 259
237 865
47 672
646 98
157 32
399 103
129 519
259 976
498 798
885 978
393 154
752 709
130 863
829 607
596 830
446 401
998 674
583 720
415 866
570 941
117 590
597 340
137 238
90 673
714 528
161 752
200 842
791 628
907 847
426 706
235 652
753 975
346 559
645 223
248 753
277 957
292 300
406 316
245 204
282 838
946 289
913 40
697 625
404 725
611 215
558 946
304 609
306 211
415 311
587 174
149 647
23 146
5 995
448 768
620 174
37 466
184 890
3 222
222 982
685 486
226 397
266 564
28 699
233 447
533 594
606 888
221 134
850 310
158 649
487 327
913 628
571 368
989 129
756 188
166 920
23 993
525 351
488 922
567 228
842 421
223 818
116 130
193 911
547 72
340 970
336 365
244 366
661 798
984 861
663 919
280 164
449 563
929 265
767 707
577 841
851 540
225 873
635 990
393 37
68 737
52 238
458 517
940 429
209 445
85 354
169 991
939 239
281 969
809 655
577 775
248 815
85 68
655 72
326 310
493 799
131 292
223 74
27 247
647 26
639 626
238 525
757 995
815 135
69 481
855 646
731 924
700 325
478 175
761 337
923 46
598 364
835 874
935 320
600 64
53 858
701 990
903 518
541 693
13 508
567 949
18 594
93 14
687 247
300 872
724 974
340 665
900 987
957 534
724 775
121 302
637 96
733 79
862 64
386 496
220 651
263 26
11 965
799 100
604 476
201 471
76 677
332 575
903 202
105 115
675 59
324 427
841 775
510 670
708 49
858 450
659 527
841 656
842 699
627 131
333 52
445 730
994 229
730 696
896 90
570 33
739 682
902 32
274 527
301 679
76 361
902 179
560 422
320 667
360 140
367 971
575 22
172 555
590 244
30 665
52 113
513 737
934 371
204 148
136 140
502 849
161 719
904 655
77 627
8 70
895 619
805 383
420 979
22 635
958 343
910 26
182 893
643 509
516 117
4 161
689 930
990 87
193 489
31 537
178 127
966 236
880 109
623 815
829 188
864 59
690 226
710 225
145 287
273 482
827 967
227 615
653 127
343 633
165 677
595 464
188 778
338 155
16 155
400 890
446 63
297 646
637 710
159 40
1 154
530 434
206 205
561 450
963 434
376 248
237 713
110 553
954 147
591 218
614 73
997 863
120 253
301 856
250 896
359 865
953 473
347 38
590 998
190 464
31 256
417 148
381 347
368 870
475 922
594 428
599 989
871 600
656 535
458 891
976 244
243 279
890 870
872 421
891 387
46 822
492 590
254 693
368 580
708 858
394 398
432 725
293 668
762 527
85 282
838 936
587 744
330 659
437 669
320 389
891 94
174 308
685 162
622 994
40 516
256 705
494 593
332 340
41 661
728 433
307 46
53 478
7 769
61 995
133 406
223 56
619 569
891 956
568 393
217 221
113 476
991 393
922 640
373 930
505 90
839 197
752 245
109 936
838 787
347 991
645 412
509 500
667 124
61 197
118 926
579 664
952 217
865 808
735 773
495 736
131 939
28 545
844 30
26 14
435 590
572 21
562 223
671 835
103 189
90 748
89 983
421 944
338 14
429 485
81 778
920 460
258 719
991 867
715 869
189 970
798 380
932 738
609 363
920 234
335 749
288 262
217 562
769 411
507 906
205 462
850 806
27 388
474 50
368 529
224 533
691 839
638 680
199 420
254 721
194 609
734 262
975 851
945 799
817 657
359 148
656 342
42 112
482 196
138 943
731 190
644 341
661 593
82 768
859 472
551 390
972 217
350 221
995 8
711 188
933 194
695 999
41 474
350 108
388 329
433 608
51 17
737 562
244 614
724 296
852 869
30 863
49 592
247 621
857 969
142 491
719 503
154 445
1 518
207 362
478 466
5 994
871 361
636 722
684 908
101 750
357 399
178 361
934 688
847 113
704 225
874 177
984 657
241 884
976 737
805 1
637 654
619 399
323 858
55 435
308 831
617 866
176 104
237 657
647 220
650 320
543 31
585 365
623 821
862 835
962 577
64 780
157 225
450 365
983 181
696 621
401 695
517 513
310 769
973 127
404 334
539 870
437 429
625 206
63 88
194 153
877 884
894 594
707 461
764 42
679 19
57 768
298 250
62 19
288 60
569 157
420 553
425 30
754 306
97 541
683 882
314 760
434 891
423 644
339 697
434 95
473 743
203 358
645 323
615 597
744 514
487 392
742 934
566 975
168 94
410 7
766 594
213 946
987 771
89 764
199 643
827 954
718 572
908 153
93 13
365 808
258 482
666 487
67 910
33 802
535 203
150 175
83 248
789 767
31 120
415 217
59 99
296 623
461 712
399 629
665 71
993 850
902 372
500 838
319 258
533 184
945 187
105 3
624 316
162 74
223 567
722 146
335 677
284 601
744 107
663 506
276 181
578 629
798 86
886 587
17 963
273 601
972 861
555 335
351 288
208 50
116 603
941 598
946 832
708 871
359 789
802 508
52 195
643 800
82 843
73 808
369 199
792 314
955 710
117 995
890 549
311 967
21 953
482 275
281 932
583 667
179 369
735 364
458 280
207 647
498 521
531 117
329 525
972 225
655 11
516 520
191 591
50 337
378 66
730 287
605 641
896 496
973 649
904 912
106 712
32 827
605 562
400 191
255 489
455 17
389 761
249 64
827 617
214 920
391 42
539 93
981 926
361 656
965 811
14 665
382 887
308 894
221 43
59 304
796 987
984 299
73 76
496 581
260 648
836 943
638 279
111 637
2 963
330 500
719 114
81 954
227 836
945 17
319 507
719 995
723 484
10 345
729 827
489 62
950 221
591 165
775 994
387 805
689 101
48 107
160 661
177 329
175 962
869 148
689 502
668 899
206 70
613 526
167 507
972 754
224 522
523 248
656 935
973 152
959 69
342 73
570 804
679 74
114 424
460 188
759 312
571 802
199 225
518 351
353 616
938 866
289 813
986 839
866 250
331 6
118 322
869 522
835 630
485 817
749 36
881 244
437 958
408 920
583 925
226 18
451 875
197 371
515 786
117 287
800 348
221 414
224 430
974 401
176 513
585 939
235 238
879 841
273 461
447 989
323 579
602 890
257 881
874 711
98 685
762 388
600 838
414 313
311 83
480 469
372 163
279 561
971 978
352 159
474 127
560 63
849 298
851 292
375 546
780 984
655 668
488 862
185 866
276 15
225 609
190 461
403 803
855 485
358 647
57 408
78 262
335 669
48 373
600 770
536 42
578 701
429 863
998 582
233 712
682 911
460 81
759 367
685 520
935 400
655 848
108 611
713 839
878 11
932 348
223 178
725 668
731 359
199 197
9 985
801 341
391 456
904 74
854 210
602 363
623 531
679 477
155 65
19 790
991 492
575 749
615 560
9 516
748 215
89 374
465 935
349 94
258 108
294 630
328 285
746 579
304 498
197 393
698 686
738 191
225 80
248 175
379 903
828 474
495 997
318 870
180 835
396 256
77 453
993 196
484 318
723 47
694 380
953 566
90 452
242 238
398 437
10 273
395 118
214 529
395 457
306 740
825 620
96 176
997 536
794 689
505 892
932 519
132 659
349 947
78 243
565 739
158 75
626 47
627 86
206 855
851 542
410 856
860 464
427 247
603 126
878 180
381 612
661 402
940 431
725 719
906 363
636 510
194 9
485 518
5 111
981 806
29 377
503 166
70 527
952 20
347 602
757 719
167 463
468 830
236 178
407 613
14 852
109 20
485 841
363 305
805 298
255 359
627 944
421 465
117 322
502 132
87 890
5 547
559 140
987 917
643 161
578 61
719 458
442 546
745 843
410 4
31 948
272 45
1 609
753 676
510 857
32 621
724 146
374 543
158 600
788 951
537 369
686 82
83 251
124 981
182 253
225 350
375 708
671 939
249 447
281 333
195 243
56 372
145 782
771 622
349 614
333 161
225 568
44 20
410 666
279 737
627 133
537 173
613 378
11 306
488 37
343 249
8 524
794 951
959 467
51 750
539 837
281 649
734 16
674 318
289 150
150 605
626 217
539 754
104 243
912 960
752 527
253 459
475 636
209 552
212 633
490 871
612 250
40 808
51 170
435 255
544 505
526 185
140 460
608 219
752 380
308 682
10 960
886 824
243 919
338 597
688 824
639 481
841 679
74 427
183 607
679 634
972 448
706 692
356 877
417 915
4 449
505 414
88 370
325 139
401 247
626 950
249 929
440 842
774 723
188 772
154 148
796 587
14 952
19 994
940 894
387 518
574 308
192 510
926 697
901 869
6 907
262 289
103 377
401 963
534 413
885 391
188 729
211 920
641 473
811 905
794 745
301 999
488 242
16 601
407 874
280 158
569 280
551 856
909 44
534 622
591 619
333 423
794 907
301 649
734 25
509 485
264 769
998 554
835 978
587 541
994 633
812 682
227 154
561 622
27 832
436 182
323 879
87 623
844 106
994 347
890 280
502 34
673 374
804 968
511 816
437 957
39 601
406 676
578 141
744 701
66 857
175 105
485 897
532 558
747 814
338 569
287 496
288 434
36 816
19 578
761 271
417 959
415 348
587 135
951 702
741 185
938 551
614 604
321 559
359 51
262 738
788 777
74 161
75 632
260 734
101 712
687 337
927 326
457 136
757 29
776 564
228 717
301 7
641 746
58 268
262 370
317 765
853 923
739 190
861 218
966 650
286 419
637 345
193 928
802 782
713 185
876 675
366 945
441 350
119 651
335 638
582 469
827 286
719 740
635 745
318 647
450 263
324 380
510 579
569 30
599 995
51 697
802 67
25 554
953 70
256 274
169 599
225 947
265 68
393 159
801 10
146 321
845 321
186 974
958 160
239 459
105 534
968 660
455 94
147 985
262 210
994 652
356 466
83 983
869 732
437 608
152 845
976 286
800 44
322 416
910 33
967 80
753 972
743 745
781 268
268 673
251 507
89 452
397 3
520 10
244 608
316 181
889 365
541 396
250 177
753 814
97 834
938 648
117 399
671 626
434 923
587 163
757 223
188 238
804 253
201 77
438 866
518 947
884 837
997 546
961 756
513 354
34 422
714 260
93 969
811 674
832 839
428 114
72 220
435 842
884 27
423 380
514 768
984 945
443 452
851 451
500 659
498 312
487 951
399 305
298 676
105 813
817 320
160 589
826 254
720 405
497 780
225 765
983 36
911 315
972 827
122 514
708 781
569 449
590 361
766 865
191 230
215 764
734 916
664 282
132 208
543 994
458 224
122 886
860 870
557 706
616 130
122 40
446 259
804 945
899 927
277 799
687 868
32 162
450 753
307 104
199 974
631 566
520 87
848 964
670 669
165 987
478 146
705 254
948 406
786 281
884 532
633 780
541 513
67 850
429 871
981 458
396 112
895 180
300 693
154 14
821 304
654 467
32 622
219 556
236 646
606 196
908 106
452 958
571 288
628 311
684 513
116 451
922 186
942 185
197 331
693 893
140 851
966 323
335 701
681 561
901 768
847 196
704 382
977 552
188 101
383 548
977 299
832 722
311 471
46 716
216 995
328 977
42 611
594 52
704 540
797 753
774 195
621 926
228 185
941 995
57 471
167 942
522 139
599 939
376 667
232 60
233 758
17 961
492 613
976 154
298 954
371 608
998 527
527 303
214 254
915 201
995 279
557 516
726 133
459 82
541 48
912 848
926 862
648 810
316 760
312 831
978 864
80 427
133 447
463 984
445 125
511 347
819 176
123 271
469 375
183 553
920 984
903 816
498 745
621 149
753 869
40 216
166 392
494 773
473 526
292 502
349 227
593 781
577 384
748 549
728 20
767 413
490 331
40 502
903 615
631 610
373 158
466 464
999 254
486 919
957 710
540 466
340 696
178 303
24 697
116 39
278 882
836 824
414 338
235 435
555 848
6 904
427 741
779 392
67 650
488 981
305 257
298 602
103 457
381 231
254 847
205 441
371 945
523 28
512 299
987 203
940 195
303 572
73 1000
846 813
495 321
206 652
464 27
598 757
376 695
53 103
237 778
312 159
664 436
964 495
184 940
647 746
317 259
246 747
798 850
778 742
7 728
506 447
522 739
881 234
312 731
166 202
835 521
322 460
520 358
821 550
308 655
611 46
117 313
465 808
155 20
514 597
992 583
905 548
544 228
923 831
588 725
221 412
884 588
757 250
829 221
904 748
552 348
435 546
952 760
681 478
277 267
614 556
176 658
747 77
527 699
220 203
628 760
221 190
23 872
816 450
67 584
893 748
620 868
713 94
839 522
187 99
906 735
157 583
390 452
163 202
846 333
386 439
319 503
374 887
769 254
456 175
607 796
811 615
500 696
20 935
632 183
461 51
264 625
850 23
219 65
815 853
837 569
403 247
3 977
246 981
337 783
342 504
36 481
630 847
906 373
907 532
214 38
217 834
697 72
887 197
303 312
207 175
905 398
749 117
768 412
83 583
182 905
847 905
924 673
189 79
193 180
467 341
585 666
621 204
653 849
601 416
515 880
438 577
75 825
386 932
44 712
500 314
157 999
840 695
514 424
45 419
734 23
535 450
64 421
383 348
130 80
849 840
995 598
634 506
67 919
841 188
235 349
523 37
974 511
157 698
68 267
803 248
698 881
115 161
45 246
671 70
191 837
171 469
225 530
410 644
50 671
966 913
552 613
534 309
217 506
820 546
608 332
114 189
315 638
739 755
881 741
958 867
377 966
346 971
460 119
354 617
983 261
696 829
470 440
772 370
241 96
132 456
441 678
133 184
319 653
825 264
42 226
117 558
154 54
781 589
739 573
238 934
481 691
449 324
528 948
86 362
38 267
353 505
248 529
335 80
250 99
677 238
936 296
94 48
118 938
445 314
351 270
896 982
35 546
477 969
848 739
667 57
706 705
174 987
801 691
84 946
589 968
273 506
349 15
665 584
979 232
61 623
891 564
902 879
36 47
473 723
827 812
710 89
884 811
481 232
447 535
653 168
280 107
550 560
40 313
519 579
131 642
978 483
707 675
49 389
874 144
987 595
828 289
704 383
499 109
997 726
580 450
304 77
125 507
367 765
56 734
328 67
941 399
944 445
12 485
675 63
239 647
571 126
721 813
629 940
888 234
923 829
798 187
487 986
788 501
681 867
285 397
842 822
807 264
259 782
817 508
525 771
216 689
111 464
363 834
380 124
94 694
6 376
989 839
156 188
293 373
136 176
523 524
412 69
730 248
622 970
734 512
327 90
754 194
938 13
118 297
503 309
341 458
625 119
570 720
863 53
317 49
249 363
820 408
1 816
678 74
292 273
57 620
27 68
320 202
468 50
107 722
438 670
240 945
563 39
909 495
89 684
588 690
956 78
819 583
64 126
616 699
827 61
799 512
896 801
326 210
9 550
942 504
600 207
714 123
149 812
331 697
62 827
945 133
619 42
840 429
433 105
953 658
690 294
562 134
432 431
305 183
955 638
953 515
861 410
421 873
885 276
387 806
64 937
391 982
471 100
385 281
63 937
854 559
231 612
162 109
881 579
755 86
579 260
906 124
45 480
824 477
453 843
850 721
542 43
156 482
263 574
67 201
360 93
712 306
470 6
200 486
733 644
755 372
167 34
705 607
334 837
809 876
825 102
242 240
243 569
160 195
471 537
165 350
609 888
181 740
759 91
463 526
373 972
89 125
502 83
587 91
257 650
626 17
714 810
127 243
218 701
37 199
465 952
886 33
524 686
980 88
304 457
503 861
931 692
880 796
968 540
576 37
524 829
84 772
875 19
843 187
384 448
40 354
44 410
686 25
750 844
201 177
738 504
41 600
573 868
852 368
607 654
24 261
103 702
334 102
742 419
543 150
598 967
519 795
931 240
825 597
328 923
862 984
426 520
253 479
534 302
798 243
15 751
683 305
314 308
427 127
500 607
288 161
161 79
90 223
290 301
336 51
1000 218
803 921
111 308
973 185
77 836
733 291
420 674
313 342
797 252
263 704
468 694
713 981
8 435
652 836
174 512
322 271
514 869
776 484
184 340
597 192
504 753
670 532
566 134
86 335
706 637
8 145
820 336
880 459
662 631
792 817
79 675
433 501
74 481
131 122
829 143
170 540
615 642
980 13
692 953
676 262
588 762
465 565
597 772
897 576
92 332
679 866
690 12
409 158
338 204
359 166
117 191
461 658
64 324
269 523
951 467
129 408
219 620
263 45
396 658
59 968
300 54
158 940
909 588
570 308
607 883
99 884
667 678
842 252
603 292
361 177
452 280
57 328
560 81
428 289
285 424
911 404
343 214
846 251
975 541
669 322
877 735
532 78
661 302
204 399
497 147
3 972
759 735
215 777
273 514
399 70
310 551
42 449
685 189
488 377
587 551
237 98
934 328
65 785
344 346
711 382
952 274
56 460
365 190
772 258
132 97
333 544
322 275
881 32
679 365
52 815
255 352
330 905
258 268
243 956
887 383
178 197
435 206
148 925
666 606
867 243
117 496
469 435
965 819
916 171
897 740
499 673
409 201
546 794
804 957
452 809
749 557
606 974
58 736
830 694
619 65
432 309
89 994
127 894
278 852
561 328
232 706
901 782
97 296
172 446
634 753
29 443
401 996
148 311
777 641
975 290
667 533
138 461
11 73
379 627
430 621
111 936
521 644
918 902
154 627
236 891
256 15
918 625
354 830
731 228
163 624
647 482
840 910
23 695
8 670
225 904
445 951
501 195
237 181
293 739
593 421
560 298
962 242
891 216
319 851
674 830
158 471
986 252
189 291
136 177
155 383
707 314
899 620
556 589
319 561
804 983
986 798
291 764
117 207
729 556
619 592
784 555
734 291
259 491
782 617
330 60
792 873
351 902
135 725
62 591
869 837
822 817
914 324
273 340
496 667
230 684
467 106
408 836
657 494
917 596
977 89
953 800
475 420
511 290
296 785
650 960
102 197
818 138
802 519
505 765
838 201
456 471
771 404
701 735
197 864
854 813
219 808
417 96
447 744
28 926
180 949
864 18
883 238
314 63
559 967
567 88
948 639
601 673
366 779
355 534
580 197
926 489
506 918
927 816
620 710
641 79
181 190
183 448
99 541
336 441
320 789
30 77
129 908
474 464
793 421
775 269
805 253
603 10
753 409
480 855
9 199
109 462
570 800
55 808
483 233
122 939
255 629
522 798
635 251
872 215
468 770
774 857
338 662
184 185
901 250
399 922
763 31
657 910
278 8
109 129
826 859
166 200
960 729
411 19
14 428
622 705
326 386
933 181
93 397
904 944
173 629
451 879
89 286
733 737
40 182
772 143
539 140
45 699
768 188
754 683
60 24
979 306
118 770
783 702
326 831
164 103
662 805
621 677
149 734
478 182
831 982
939 183
151 288
597 720
88 448
254 429
625 559
300 813
818 174
12 249
451 427
733 1
37 538
3 390
188 922
541 922
598 853
345 989
403 438
125 593
760 16
615 178
362 788
163 861
970 599
868 542
153 343
270 702
987 184
436 674
275 740
588 356
944 213
219 67
113 708
310 264
59 762
228 147
444 944
432 904
916 458
609 584
629 645
812 363
355 784
542 4
356 63
708 788
351 478
829 1000
242 130
226 543
579 1
462 903
345 187
753 278
720 89
117 935
78 599
911 119
750 197
290 639
131 417
646 256
427 579
230 857
86 221
35 861
570 550
833 973
956 563
186 838
213 214
530 248
443 593
152 866
304 825
601 53
964 897
783 335
990 897
991 488
60 222
409 466
155 242
283 441
673 440
253 747
606 177
184 182
334 532
338 427
800 380
286 667
18 729
2 242
891 554
395 769
987 683
658 905
54 518
793 662
98 730
406 131
500 218
525 119
174 159
144 414
616 664
326 283
392 1000
603 1000
859 514
718 459
612 842
98 572
728 667
196 465
954 229
862 554
277 112
232 389
883 166
690 587
957 863
462 401
90 926
586 571
698 81
935 348
292 674
78 247
944 241
232 163
507 379
850 16
218 954
813 156
149 392
906 53
854 711
142 707
768 62
366 29
873 433
242 87
690 681
800 655
873 847
90 35
381 608
647 671
601 597
271 187
111 440
539 667
172 716
854 16
87 419
200 797
42 224
320 450
763 86
202 799
252 721
880 266
882 888
866 341
249 207
207 607
763 199
265 720
621 29
308 722
75 249
147 724
796 191
743 602
490 688
108 7
454 31
424 94
143 529
454 430
679 547
994 211
786 699
526 370
58 638
805 115
193 545
250 434
162 528
839 942
794 221
610 141
732 710
763 752
486 121
953 884
92 448
277 178
297 684
570 15
837 42
694 429
74 488
70 395
275 977
166 958
11 981
561 472
990 26
332 846
578 829
206 106
607 854
870 636
154 624
83 282
680 137
755 124
992 282
155 818
742 842
854 624
836 411
656 545
682 545
699 901
918 737
850 747
544 962
121 989
394 261
590 217
369 491
708 876
123 196
216 546
971 402
311 941
493 74
725 751
455 554
657 647
983 299
270 178
440 153
191 404
764 442
549 514
426 150
259 716
943 382
781 623
51 174
806 2
985 93
14 465
478 226
173 528
874 687
305 664
251 420
714 820
108 107
164 341
939 653
178 121
952 624
438 527
184 730
322 854
636 672
433 141
16 499
407 665
128 733
168 206
823 314
231 77
220 226
168 349
996 835
297 639
541 772
357 951
487 308
895 395
715 529
116 34
44 327
489 144
785 611
702 900
908 367
965 362
789 220
438 506
152 143
426 530
854 946
581 922
216 962
698 166
935 663
917 120
646 846
519 468
742 323
160 537
419 996
50 677
604 220
785 798
774 656
320 991
390 155
953 189
20 236
974 357
778 48
925 191
928 397
864 658
878 129
882 252
583 596
730 952
198 754
34 883
308 86
493 46
829 564
276 948
705 718
958 136
852 651
635 781
564 263
692 508
913 505
593 273
227 239
178 985
324 879
311 855
972 179
739 136
670 574
22 750
806 46
611 450
278 503
762 858
853 1
30 808
790 530
807 592
776 252
390 876
942 713
853 498
268 264
676 932
700 267
773 721
117 439
374 270
378 837
396 164
469 618
472 258
884 591
666 262
852 45
179 385
836 730
95 22
331 726
501 760
819 333
838 155
107 431
37 537
637 671
583 806
975 86
633 43
724 214
818 175
857 407
607 635
721 568
477 322
483 797
465 378
250 716
605 70
736 155
188 522
872 971
54 103
72 15
572 736
794 678
237 568
475 218
831 506
907 474
458 190
252 155
691 814
994 836
600 775
103 716
526 537
642 564
912 626
464 506
783 273
459 305
960 890
759 362
171 133
744 193
712 447
432 183
497 471
632 630
616 27
527 401
473 30
216 312
184 342
38 81
834 144
122 174
112 911
678 1
825 467
238 632
784 700
351 862
905 500
139 712
356 850
729 152
72 693
89 377
986 745
511 54
558 949
358 232
813 996
141 139
991 649
465 555
391 455
304 503
529 226
970 948
168 134
101 744
11 752
139 263
936 139
644 580
712 147
319 991
478 758
281 90
896 521
269 521
382 402
337 275
451 279
15 958
879 703
922 324
284 941
289 833
508 307
992 384
721 710
150 598
618 70
964 110
196 240
93 536
745 839
724 686
621 950
686 619
147 317
55 732
999 846
85 521
603 452
159 546
523 263
194 147
410 980
531 784
824 262
203 835
494 326
591 732
30 464
402 55
60 703
502 55
133 165
134 390
247 11
783 31
990 689
259 723
811 302
470 131
818 638
468 827
144 529
772 403
467 389
268 754
919 385
745 313
717 37
192 43
925 973
363 751
651 868
252 807
643 164
420 235
719 465
296 25
443 858
556 155
101 810
734 246
3 146
577 297
45 787
67 999
641 528
808 3
610 403
849 681
599 193
8 568
220 142
153 67
211 437
270 938
987 596
434 620
349 385
33 518
625 976
25 170
262 201
655 674
659 679
586 973
992 428
21 414
78 161
315 689
708 56
802 165
76 386
242 918
205 98
241 24
900 545
247 344
379 192
570 911
733 701
440 444
518 75
647 365
725 637
30 369
207 879
321 248
274 206
185 345
748 592
835 481
43 676
541 189
598 54
433 704
126 855
808 532
458 149
394 761
190 804
619 594
692 174
51 222
549 867
402 332
668 87
654 230
329 273
353 653
701 25
648 411
631 856
615 631
601 413
738 30
442 451
443 870
460 824
45 742
961 997
988 68
737 862
311 167
336 849
945 297
999 250
68 424
580 289
896 723
161 680
535 116
519 531
435 57
482 546
33 960
680 185
982 483
438 217
745 469
909 944
16 801
898 131
239 295
542 594
279 664
766 12
641 419
912 566
58 87
371 4
447 379
656 352
889 924
292 660
410 763
855 479
517 562
527 150
668 674
286 218
871 593
233 837
95 645
73 893
609 915
422 408
995 422
872 59
781 863
375 152
587 528
324 586
384 623
920 849
411 838
268 965
985 365
989 985
901 87
423 919
360 642
506 443
956 300
882 814
791 616
702 29
155 458
748 971
14 3
808 496
331 141
114 535
443 567
647 789
411 21
430 307
359 763
216 123
795 139
210 617
983 325
141 21
17 15
92 581
136 307
620 51
678 343
112 282
918 294
135 584
905 697
28 568
909 97
286 773
92 363
165 753
409 432
28 687
303 615
896 703
768 958
641 160
335 182
52 612
718 493
172 497
524 30
965 188
839 663
515 357
828 740
921 62
885 501
832 751
369 549
465 394
375 651
727 129
68 49
675 107
648 928
399 427
370 265
298 570
997 892
820 731
384 394
509 803
959 385
559 827
345 486
437 439
613 14
502 583
677 801
716 265
424 921
811 39
464 394
851 870
66 498
123 143
56 68
403 473
208 911
700 996
520 322
169 884
777 117
427 248
716 126
369 877
846 713
636 166
890 313
621 55
14 31
511 979
467 345
857 929
674 697
549 827
916 878
630 190
282 759
608 411
239 810
614 738
923 203
504 833
896 893
112 262
247 429
616 758
945 480
675 715
359 82
214 928
257 806
296 860
832 958
866 742
880 906
699 334
234 712
946 827
261 871
743 57
396 318
880 537
262 339
45 97
230 39
750 990
953 568
918 118
537 441
496 617
44 159
177 314
50 520
841 787
201 396
703 637
863 706
263 204
530 997
158 34
604 22
257 275
423 394
689 304
90 783
162 144
953 139
609 761
190 354
816 957
301 699
214 356
930 173
881 665
54 285
320 695
651 845
781 790
507 91
237 206
464 374
198 571
345 149
415 231
702 251
722 749
131 721
235 578
75 806
477 513
292 882
193 74
191 451
623 460
190 777
356 529
982 293
506 98
986 936
701 643
787 825
493 680
406 353
703 501
887 376
587 100
933 112
717 665
791 886
44 793
407 905
190 619
235 910
810 412
353 223
245 89
211 233
586 423
605 457
390 599
729 405
551 438
139 290
323 513
395 188
508 515
719 103
500 943
68 363
768 545
676 106
399 717
378 241
684 653
22 364
975 446
707 564
126 883
694 338
128 831
703 452
935 540
211 658
734 370
631 35
317 566
449 614
488 156
921 823
110 375
366 221
560 112
635 660
998 294
121 882
621 921
877 559
604 873
589 251
833 649
981 625
802 388
99 704
550 15
355 810
467 868
798 1000
88 623
860 103
218 254
551 144
459 248
153 302
522 918
246 640
934 363
811 508
320 433
651 599
856 739
303 296
786 178
847 815
593 324
725 463
558 673
596 604
977 694
835 528
354 867
86 394
269 170
736 855
273 47
437 980
593 614
633 721
616 385
891 793
397 70
770 992
316 122
2 265
990 238
774 939
757 225
478 258
767 408
53 902
37 257
240 659
168 176
415 388
621 954
754 868
576 76
780 126
879 528
283 361
98 627
707 643
282 378
298 874
894 247
749 816
989 193
646 546
885 272
281 130
535 352
963 442
712 890
269 918
382 314
276 387
828 688
578 799
137 579
154 547
764 566
129 896
904 806
37 982
612 610
46 604
743 509
829 840
612 753
225 719
135 350
391 752
949 134
732 314
687 898
95 618
721 47
432 945
526 688
727 113
439 321
419 840
833 518
650 244
137 31
633 189
324 587
588 296
554 360
80 223
942 787
337 704
839 773
773 27
976 409
624 619
588 14
809 719
460 889
973 580
21 855
99 43
579 981
502 36
798 625
616 767
515 637
643 432
313 649
813 768
649 231
136 398
601 222
714 967
911 675
36 687
847 545
614 884
601 79
892 602
861 901
824 258
727 868
991 262
369 563
387 428
196 548
947 228
843 279
934 593
676 381
933 362
22 91
996 914
61 447
779 636
598 654
585 829
857 512
913 758
476 122
851 94
192 417
267 433
438 186
131 875
712 775
675 413
272 954
842 438
241 721
115 200
427 708
46 670
796 591
418 1
590 859
414 515
315 651
278 637
693 594
303 327
570 399
789 111
538 673
484 145
522 253
172 822
546 231
964 298
358 521
234 523
922 168
458 647
954 768
449 328
68 758
588 509
699 572
479 188
670 239
48 586
472 902
203 822
833 403
227 188
100 182
66 98
34 516
843 870
200 740
222 353
556 641
777 116
687 729
635 152
838 543
394 652
658 433
436 263
795 840
618 283
723 466
514 784
36 636
39 635
672 108
280 872
493 596
922 748
952 955
180 142
562 262
391 432
554 127
262 880
31 878
865 200
828 52
841 57
227 935
858 947
61 925
14 971
550 995
522 403
922 160
962 917
624 384
386 485
724 859
375 761
853 953
233 192
660 451
491 520
334 78
413 586
286 136
779 471
488 786
106 481
931 144
146 840
55 312
354 935
707 889
524 353
387 150
250 960
190 400
837 631
180 654
306 961
295 79
777 980
886 683
315 994
462 631
891 323
181 917
369 93
425 451
479 144
480 786
29 193
103 976
765 240
551 124
535 859
241 537
588 199
186 863
66 897
801 266
315 706
455 457
656 673
725 839
227 438
869 587
943 468
138 685
70 800
472 47
455 350
7 372
8 177
706 312
948 493
17 69
571 890
255 509
776 182
870 650
838 436
566 967
594 712
386 901
226 324
724 443
482 826
913 924
991 751
206 429
488 253
50 233
847 428
685 449
568 901
699 365
825 527
486 207
487 354
880 518
917 399
77 482
131 534
336 548
153 498
169 454
547 158
180 989
662 189
323 975
486 297
713 379
825 657
771 599
668 809
794 668
318 758
819 835
586 602
219 31
441 9
613 355
616 606
306 997
4 560
828 866
301 670
765 409
697 169
237 800
760 681
646 18
851 688
969 306
130 877
740 88
685 585
618 636
602 153
964 512
164 668
350 867
521 213
522 870
48 993
307 172
808 647
694 876
238 980
848 888
811 268
406 544
942 982
150 825
960 753
8 222
696 171
311 530
683 999
633 720
564 419
286 820
380 828
722 413
630 231
652 509
583 215
198 115
166 541
577 410
745 808
691 142
89 544
533 703
226 475
689 977
796 979
432 326
755 624
168 320
831 783
707 757
28 756
359 234
602 160
913 666
219 959
455 233
165 573
150 323
264 967
75 551
136 924
55 66
247 108
392 818
334 368
578 796
559 963
727 445
195 212
713 279
162 503
897 72
901 512
777 562
483 593
319 191
654 924
732 388
256 239
607 964
760 837
926 124
125 877
785 940
55 518
95 597
332 137
59 579
418 791
302 977
853 967
926 143
831 882
978 482
388 794
209 355
655 836
16 236
626 244
132 263
65 812
501 623
507 243
289 292
475 593
173 830
726 42
765 624
146 118
844 97
882 812
248 880
174 600
35 818
736 901
74 276
551 362
958 52
166 204
408 992
42 833
544 175
293 199
832 263
503 570
362 442
913 58
515 794
165 925
61 220
482 883
501 21
197 268
398 557
75 992
684 786
187 298
739 329
763 607
700 100
166 648
656 130
987 752
288 774
606 906
173 53
357 936
139 365
732 804
793 984
666 86
175 389
893 855
766 479
171 685
902 362
208 438
500 646
202 896
765 142
305 432
968 112
290 68
775 79
389 272
377 269
824 527
253 331
916 103
498 50
817 430
45 310
987 90
271 909
925 128
233 688
348 449
825 20
517 822
80 45
868 94
775 386
894 910
4 814
9 112
332 482
156 16
235 745
380 502
237 411
347 743
78 885
105 825
643 431
458 171
757 533
938 703
959 650
943 17
269 66
410 262
936 449
810 422
832 146
130 372
541 566
943 134
553 88
793 745
373 175
836 713
148 587
443 17
603 895
451 506
931 804
419 24
718 604
767 709
261 869
462 158
598 794
214 847
360 465
25 34
127 462
306 21
177 431
471 197
171 649
262 224
779 470
746 15
167 861
133 605
315 662
392 601
988 887
598 459
851 441
393 881
530 882
414 217
586 694
589 213
440 308
665 317
209 137
858 278
806 606
55 590
95 685
351 311
138 176
416 156
902 860
688 456
797 42
653 787
60 698
43 812
29 369
782 305
8 759
36 614
109 35
806 139
256 531
296 448
795 934
70 662
696 33
792 628
890 347
673 311
199 967
660 555
775 444
978 774
486 561
141 283
550 110
367 898
687 67
429 975
638 408
515 850
572 257
330 148
919 44
978 552
705 352
12 808
463 144
356 960
857 861
172 620
842 11
594 600
757 188
775 557
188 137
689 948
942 486
448 870
782 655
692 331
473 725
62 769
106 145
303 537
37 589
933 623
836 963
879 623
497 741
900 860
480 405
238 149
375 732
300 857
464 783
555 762
205 317
391 1000
181 821
803 504
162 464
815 639
836 112
585 304
860 366
110 373
156 152
498 491
924 755
137 263
745 58
289 76
958 950
122 702
376 674
52 293
713 549
952 363
997 229
359 125
603 82
242 198
318 51
48 531
933 990
973 495
447 619
527 458
368 399
574 83
169 195
874 792
644 52
668 82
196 947
514 584
109 954
365 592
352 721
579 678
374 294
639 382
344 885
143 913
192 185
309 798
164 55
883 697
745 696
46 55
802 657
675 645
801 962
258 479
387 737
505 640
378 638
681 411
235 283
110 725
1 359
738 494
560 978
102 73
818 278
474 736
789 375
833 136
650 559
318 945
409 993
112 780
556 309
462 496
102 939
470 975
487 615
510 476
793 142
510 381
227 428
980 740
488 250
501 277
537 145
59 725
450 170
988 686
38 621
959 511
377 791
345 659
219 280
494 146
901 434
596 958
725 542
946 797
627 308
977 869
138 945
673 570
886 946
483 125
302 547
964 756
863 390
423 682
688 766
66 830
35 821
153 674
481 765
230 912
526 157
344 51
308 662
865 599
536 689
403 634
153 595
982 722
676 409
849 955
683 595
796 786
374 258
499 950
752 126
734 34
425 752
745 779
652 369
871 383
947 279
785 144
109 704
225 67
776 429
391 364
853 577
582 1
503 968
788 896
880 865
544 738
997 566
335 179
656 18
295 991
953 688
701 766
975 451
603 560
768 747
571 222
718 355
41 723
760 21
185 241
822 461
418 31
495 31
172 18
330 20
128 104
59 640
320 792
817 348
851 548
911 446
568 755
556 63
320 831
518 844
835 112
798 4
121 808
713 620
876 968
57 16
973 34
177 629
686 697
636 380
177 991
587 928
364 607
570 862
424 924
854 414
378 463
34 659
588 334
136 407
216 702
882 111
574 777
983 478
47 907
141 215
716 490
826 550
773 125
96 823
173 801
669 956
528 816
398 210
754 260
833 179
190 784
990 372
912 558
696 245
398 893
604 974
66 423
991 70
683 913
53 681
741 152
154 272
407 102
628 918
478 329
26 342
637 832
767 461
18 722
793 744
478 472
316 403
581 393
781 119
178 396
608 569
473 760
336 796
80 950
64 299
193 739
361 383
287 131
201 198
664 746
993 98
816 485
49 10
547 279
534 115
775 895
581 60
735 389
242 652
880 914
138 467
489 509
200 104
183 353
817 239
808 258
896 218
276 52
884 257
372 477
101 591
365 960
17 844
324 344
975 539
869 36
953 249
425 432
712 368
290 698
517 809
467 826
655 191
638 605
952 430
518 397
830 435
298 224
62 25
7 648
345 11
678 839
847 852
136 106
778 697
467 536
928 6
602 421
625 76
123 63
844 426
776 90
49 904
88 978
587 392
240 61
955 52
433 442
964 994
808 346
937 122
921 669
745 929
796 811
890 58
943 52
197 306
199 740
543 212
895 314
334 629
830 606
779 984
743 491
874 598
841 359
719 322
921 447
100 183
12 88
286 523
452 791
969 395
110 847
808 7
537 719
519 555
695 57
5 861
279 402
301 54
853 633
107 363
58 349
288 958
242 545
224 922
188 607
13 278
968 427
629 772
423 325
465 471
379 521
611 467
438 386
545 782
465 96
668 896
581 818
621 773
148 19
342 345
859 33
860 286
472 46
366 83
23 348
836 279
711 677
18 402
271 964
837 291
25 746
134 324
158 334
971 393
665 570
960 934
209 406
263 753
307 769
164 670
212 642
783 127
934 505
363 225
674 538
625 104
623 493
973 558
601 199
326 408
437 977
666 525
95 213
208 519
852 816
355 897
714 817
397 67
473 997
682 275
226 247
118 117
198 113
211 134
412 951
474 860
71 402
554 632
442 446
888 738
316 356
344 916
342 653
187 494
171 933
982 883
415 22
58 369
274 850
719 68
177 534
427 588
581 99
234 94
783 466
36 296
755 656
462 70
779 384
881 570
926 305
3 23
401 954
642 152
371 8
906 773
745 251
708 393
525 749
451 96
487 614
901 526
208 347
464 245
889 564
375 961
77 119
370 195
405 960
708 175
306 903
751 11
592 640
421 728
646 109
46 829
360 68
385 685
481 816
342 443
603 177
422 495
354 401
687 593
191 294
622 126
811 477
62 209
70 578
599 282
967 214
750 162
184 191
94 326
4 106
242 461
636 797
330 888
960 735
88 906
661 917
187 590
758 411
175 225
32 849
753 825
183 698
55 30
829 100
425 870
465 945
541 592
196 551
425 759
279 244
193 627
841 319
225 66
410 244
193 748
693 923
31 772
988 297
236 710
55 130
921 224
603 898
942 427
663 304
900 902
410 406
323 875
435 889
797 623
525 640
162 422
479 226
770 297
958 642
832 530
873 426
926 444
272 697
202 822
423 482
65 706
615 398
67 396
414 227
626 933
683 310
919 819
302 896
983 27
173 36
897 372
238 86
129 994
591 598
828 804
464 511
677 813
788 138
989 791
872 27
674 241
659 159
426 388
226 648
749 220
986 190
497 347
226 891
613 893
905 140
355 69
569 842
764 511
485 714
167 434
316 872
290 859
705 120
800 148
5 565
118 70
377 72
710 378
412 729
480 403
547 248
535 357
634 32
597 924
529 84
924 214
240 847
903 534
396 468
932 230
914 537
164 72
737 922
184 774
225 110
297 553
904 543
743 164
728 835
755 554
59 227
956 339
832 801
49 9
767 179
989 149
40 945
443 241
10 436
727 513
604 460
586 835
491 525
375 660
831 551
978 25
466 837
106 492
954 94
975 708
655 488
358 718
231 596
200 248
59 687
336 488
968 403
907 509
747 762
485 31
462 715
473 306
254 617
841 783
20 161
994 980
422 341
423 228
794 968
765 355
307 951
973 342
968 554
751 801
368 278
864 651
619 529
406 936
782 311
820 110
56 467
994 681
497 327
563 388
69 691
434 175
87 558
770 758
237 381
152 981
625 128
69 580
400 319
678 38
240 62
761 492
999 926
340 233
465 70
878 617
790 479
465 872
456 629
143 959
183 738
994 237
939 820
845 192
743 490
406 54
432 349
468 363
328 286
331 661
444 17
724 164
378 600
362 37
805 997
849 573
760 368
941 229
724 779
121 314
508 398
699 479
480 407
362 486
619 356
250 769
489 758
979 557
611 194
594 154
150 388
104 658
855 321
201 428
419 485
410 736
140 569
470 784
636 285
516 940
498 124
968 793
327 526
642 582
424 823
684 205
8 566
365 716
581 595
656 950
507 394
739 761
332 247
995 433
815 762
119 281
268 751
284 370
983 432
829 554
243 549
725 745
851 802
928 325
268 990
365 859
109 116
517 157
845 256
994 730
521 218
375 465
640 760
289 398
290 929
760 737
173 872
363 797
880 300
347 801
792 594
478 85
874 774
127 374
697 731
833 481
535 719
792 705
903 811
960 355
689 667
246 64
288 416
52 697
790 507
10 953
156 751
737 736
373 244
729 324
842 45
734 215
663 73
421 686
760 430
945 300
340 338
982 769
268 872
383 284
311 211
900 540
411 516
387 739
82 249
724 184
361 310
322 980
642 119
803 985
227 881
775 694
949 718
749 812
208 952
861 402
864 367
175 587
297 771
528 129
967 901
516 866
632 53
390 115
417 311
536 315
37 978
205 432
876 855
381 367
220 723
581 678
488 11
289 110
253 277
272 892
644 389
441 923
974 367
682 617
570 184
276 963
996 114
707 481
303 490
693 62
363 695
759 893
293 640
593 506
231 992
669 37
122 946
838 932
820 183
234 836
308 451
699 754
179 701
833 292
164 709
856 707
433 662
990 882
682 67
791 615
759 83
601 177
355 47
674 575
878 711
423 752
504 588
179 116
503 383
634 154
222 312
476 417
573 13
886 124
715 45
782 811
126 417
491 228
359 554
956 106
425 758
780 312
13 423
533 720
914 562
685 501
499 670
799 381
486 936
417 663
550 737
664 656
477 299
743 581
818 169
770 4
827 221
96 65
232 513
68 175
694 367
126 125
309 643
405 144
11 57
676 829
543 47
211 590
30 246
782 68
523 51
37 894
254 995
209 162
851 527
446 209
820 966
362 576
129 993
648 687
152 318
10 202
570 860
953 76
367 934
99 284
389 64
808 420
638 551
566 256
274 128
467 657
390 59
532 263
184 237
38 248
818 680
59 852
578 453
299 748
174 520
322 263
434 333
80 477
118 165
283 144
985 110
255 372
274 309
114 564
528 976
657 252
269 238
970 333
371 909
148 897
4 365
904 851
818 777
710 379
801 573
16 275
549 951
41 224
459 593
478 335
231 173
509 780
988 488
979 391
871 413
653 42
743 614
583 297
895 107
861 135
165 656
83 123
585 221
951 442
387 571
50 803
16 223
783 953
917 375
558 123
91 290
24 361
131 591
23 613
120 210
31 430
950 144
609 274
607 891
409 674
72 909
73 589
627 178
438 343
544 846
581 749
52 477
920 65
315 905
