929 1180
660 768
711 270
637 274
27 46
198 651
393 209
691 667
143 385
610 310
320 202
29 888
422 923
512 350
718 179
116 132
93 762
177 548
786 714
328 3
531 764
853 321
784 712
117 829
446 733
172 5
840 190
324 87
80 736
381 589
787 694
809 863
882 478
70 400
439 569
28 229
833 405
524 623
160 103
265 449
704 815
908 332
146 635
609 305
318 213
50 144
24 163
527 586
668 928
563 96
452 673
129 544
702 614
887 900
345 368
119 869
39 736
83 179
808 424
286 455
682 653
135 737
26 67
296 106
219 291
294 500
298 398
435 214
306 584
597 595
901 2
455 23
874 297
843 525
903 929
509 828
293 103
347 900
537 357
640 782
688 235
485 504
149 708
756 732
104 541
454 107
840 732
275 796
869 311
485 55
674 644
162 561
409 520
442 879
834 112
654 298
85 615
855 714
377 274
78 887
742 854
422 106
29 842
114 730
589 38
925 321
737 360
394 667
107 123
781 115
734 36
624 216
509 442
773 925
772 736
289 258
697 859
479 359
340 259
850 59
318 151
36 903
768 327
49 634
14 858
769 905
117 113
847 486
725 689
645 924
11 889
609 191
34 528
853 583
159 200
483 131
808 97
406 433
771 299
758 229
77 230
718 115
202 718
30 368
47 835
315 616
527 878
263 392
549 420
744 387
188 907
634 250
199 539
635 581
753 865
832 455
667 688
916 617
638 901
105 901
876 566
192 860
791 884
174 145
392 920
318 687
84 227
882 496
219 632
271 816
547 101
257 270
924 419
595 389
88 590
694 744
740 258
357 284
331 281
625 686
558 221
27 32
811 455
64 53
204 846
414 142
717 794
385 388
65 616
627 721
487 319
140 797
542 620
400 45
451 187
621 499
645 75
716 258
784 714
438 251
928 78
64 467
554 682
17 209
667 586
765 23
879 392
732 795
771 669
226 58
603 516
822 929
107 633
251 636
692 763
823 847
449 98
757 601
650 173
265 187
724 524
367 619
300 665
32 275
902 260
507 115
373 62
803 561
221 87
390 599
332 126
168 454
686 436
278 234
231 362
674 817
621 139
70 52
330 328
238 98
126 149
380 62
131 619
636 584
840 873
245 585
672 656
919 527
462 917
631 614
300 316
6 911
408 138
70 730
858 654
213 602
198 317
313 63
201 790
17 107
693 477
5 152
480 300
130 247
459 312
342 434
552 210
716 804
580 488
663 240
885 632
24 320
197 908
175 91
525 1
838 818
92 565
402 793
118 315
483 471
453 365
872 511
926 600
83 738
112 277
287 823
300 651
18 184
822 33
396 454
212 283
511 385
602 367
101 286
564 791
270 914
196 873
400 639
410 791
539 783
537 819
78 551
567 375
798 363
121 126
589 350
560 901
687 257
59 220
346 748
131 863
669 765
653 67
275 585
151 112
668 72
803 205
273 139
862 444
533 648
866 695
380 802
289 295
234 189
171 377
623 926
603 118
737 194
868 317
308 727
885 821
305 167
915 388
626 129
479 277
474 35
912 484
370 391
829 430
597 335
924 577
198 438
194 590
232 293
861 741
587 140
670 812
870 692
43 388
677 112
432 4
68 677
819 145
848 59
671 369
905 474
898 194
49 378
723 620
823 274
154 678
718 663
192 124
312 457
800 873
536 595
13 175
588 270
262 668
81 928
612 187
426 175
618 843
510 106
416 711
773 763
490 43
742 655
230 720
136 633
90 95
668 447
388 125
261 848
798 814
544 889
879 259
637 575
614 689
72 90
398 1
21 927
783 724
821 113
824 203
589 426
513 385
619 806
567 313
204 85
97 117
65 803
254 661
539 903
156 861
617 725
651 443
601 870
106 921
614 404
245 351
182 135
761 737
607 547
313 578
60 58
332 905
488 122
640 151
426 31
309 697
317 604
115 659
331 901
865 205
186 630
383 794
515 264
595 912
632 675
757 234
268 158
649 100
452 690
132 789
268 458
855 793
784 344
853 19
240 785
492 485
318 128
461 637
223 882
346 739
611 98
399 78
315 325
674 56
664 512
284 846
249 234
723 696
109 492
715 657
281 36
523 261
816 777
604 490
777 355
335 192
474 430
390 688
486 547
684 159
894 500
230 140
548 225
587 603
8 558
878 42
466 300
102 614
603 15
520 514
893 629
815 779
697 512
201 603
425 370
827 255
597 39
522 809
5 925
879 364
499 895
517 528
233 765
282 864
189 43
166 103
562 273
420 74
659 134
308 572
472 621
125 781
7 145
650 576
525 596
639 853
436 81
866 548
899 814
897 802
294 292
457 288
480 736
696 413
918 525
261 262
678 1
828 796
634 757
435 645
618 239
526 236
592 739
603 593
451 220
28 168
54 476
673 928
306 894
114 75
715 595
426 514
543 860
9 900
844 188
562 876
468 408
287 164
268 346
119 854
788 308
224 107
592 503
309 611
681 541
312 431
897 563
702 543
232 791
119 203
802 81
455 105
291 132
57 600
24 560
293 813
604 150
30 378
60 99
282 369
287 121
895 192
663 498
454 904
323 360
734 801
699 123
767 626
468 714
483 820
581 433
152 784
905 374
346 869
549 211
712 553
659 464
327 222
326 258
772 121
318 912
915 246
148 549
918 167
497 475
916 686
829 784
65 831
475 858
915 553
470 664
833 556
391 643
790 849
826 534
372 33
711 583
716 115
928 841
688 539
316 100
345 802
798 495
399 481
575 647
103 564
171 365
633 267
485 677
781 78
513 347
526 71
805 564
431 330
376 121
266 504
884 711
214 742
568 22
287 894
26 786
858 531
820 614
181 366
623 620
28 31
837 169
793 637
654 68
924 887
70 895
247 372
783 388
925 857
238 480
775 221
222 487
880 743
161 383
423 564
544 475
567 144
839 655
83 29
742 289
805 779
227 884
667 243
345 236
851 619
557 81
262 119
68 469
796 826
400 627
607 417
535 56
774 784
646 405
774 811
407 254
372 780
247 432
828 139
733 670
356 306
29 675
261 909
902 149
446 886
663 468
563 800
518 280
663 742
696 608
147 523
216 592
611 217
317 403
487 155
311 534
583 856
79 203
453 893
385 840
301 39
895 24
418 689
170 343
501 748
518 570
461 117
768 439
579 568
93 337
287 838
51 444
875 555
149 617
233 566
558 814
272 322
538 649
260 400
80 803
553 635
527 330
209 899
365 861
248 268
139 336
430 98
810 867
312 266
443 118
581 767
293 438
723 655
521 422
278 470
498 891
134 96
566 644
181 221
538 542
771 316
707 339
905 319
730 135
152 54
438 161
669 699
519 648
294 617
53 727
504 477
274 194
80 585
523 188
539 626
858 362
911 160
368 875
227 254
248 420
338 39
736 816
338 339
105 124
376 911
574 519
281 617
310 579
588 741
811 42
457 283
433 220
346 129
20 661
734 841
584 196
603 140
637 462
751 321
805 814
812 210
184 419
881 89
519 796
119 571
256 296
541 748
232 427
371 501
916 269
239 135
248 572
136 929
774 639
627 605
620 428
852 193
602 796
179 581
286 236
116 423
343 373
473 561
624 788
533 570
138 770
94 889
848 391
763 710
102 435
755 659
204 320
755 533
843 428
545 48
325 455
860 137
314 220
909 103
716 67
220 397
356 834
843 331
136 592
658 267
877 917
138 713
852 614
175 844
11 208
738 403
640 431
325 11
839 358
191 912
579 75
327 402
772 878
572 814
843 718
597 907
597 231
371 363
189 123
248 222
466 109
750 394
486 551
923 603
246 205
692 906
743 667
22 113
457 291
348 438
712 154
535 349
250 119
839 805
209 666
141 18
893 826
610 529
925 838
880 683
812 404
440 93
768 921
123 908
737 280
510 378
365 305
285 644
378 318
776 114
481 732
790 865
171 370
898 102
42 593
319 603
636 759
317 191
700 598
683 47
175 636
447 580
76 575
506 56
886 733
803 765
363 24
496 270
442 473
598 680
785 760
78 796
422 362
531 604
784 623
620 364
120 5
732 899
284 758
114 71
770 64
466 248
50 60
105 868
304 459
785 762
861 665
373 455
728 181
242 42
439 857
862 523
882 382
72 546
724 213
687 451
800 819
281 30
134 223
549 600
495 169
785 925
786 927
289 157
660 561
841 134
7 41
250 719
809 589
580 228
291 387
922 154
24 849
861 372
751 383
877 433
496 595
103 805
528 6
610 673
793 564
645 571
722 264
118 831
80 391
766 635
656 865
437 559
638 565
221 627
545 602
1 877
610 766
891 44
44 837
803 703
303 486
445 855
794 484
428 651
64 4
479 675
710 774
894 13
521 534
698 888
915 150
432 799
403 893
470 492
771 436
324 654
847 705
478 380
434 797
382 746
114 691
30 435
823 795
197 855
23 728
868 678
650 511
390 804
725 340
342 119
599 578
653 590
375 235
203 515
391 818
100 173
700 391
77 861
306 105
832 68
733 548
261 887
744 410
394 393
473 695
492 783
117 890
198 333
335 89
355 513
2 134
292 366
167 708
698 136
540 916
750 47
217 98
101 618
268 60
311 359
390 334
147 31
342 601
27 225
184 615
115 225
891 252
182 623
174 178
857 454
133 357
277 854
301 903
417 9
455 144
594 170
402 852
177 530
337 75
849 169
300 717
734 233
750 71
630 784
247 739
643 754
148 873
457 817
771 7
547 369
166 591
243 714
372 182
120 648
609 886
889 548
79 587
525 590
673 222
43 856
896 589
649 240
570 73
751 833
499 792
708 122
118 743
703 791
926 389
394 210
603 255
238 201
410 870
415 544
448 828
570 629
659 284
355 579
750 563
268 528
348 208
714 876
685 528
584 905
824 782
388 574
787 313
684 109
109 733
822 102
372 229
796 858
543 222
47 336
74 604
920 863
420 544
730 632
326 233
693 743
731 404
152 430
750 664
557 923
723 603
816 97
806 244
783 765
781 448
808 82
669 425
598 875
851 343
816 787
25 483
351 735
712 911
838 110
269 801
86 34
118 795
153 645
116 831
921 175
479 461
551 487
107 22
53 126
83 335
96 307
138 46
684 926
645 672
196 386
35 464
807 619
143 545
737 129
318 251
218 95
636 543
517 645
590 383
525 771
882 587
708 399
171 645
728 106
99 488
685 920
129 101
870 484
64 415
433 375
744 701
797 868
884 337
590 776
416 330
753 914
642 656
814 848
21 37
557 634
60 481
513 187
390 768
250 553
474 130
89 314
107 280
535 338
253 674
108 235
686 398
163 528
425 325
20 239
901 290
251 387
415 806
329 791
393 197
745 212
263 225
446 331
222 308
68 79
586 524
456 404
288 652
865 40
485 794
610 524
835 631
423 605
793 726
715 691
230 837
699 171
