938
766 856
731 203
871 351
52 272
242 275
111 170
889 221
610 231
34 75
400 643
95 108
168 59
683 835
749 934
443 452
478 779
74 426
388 161
50 40
109 342
788 322
329 564
729 166
735 461
363 124
49 204
61 271
248 268
230 695
617 493
519 324
685 152
693 319
30 27
501 736
614 249
920 62
643 887
609 740
175 184
108 832
813 595
292 389
929 295
131 151
143 97
508 930
298 400
314 266
237 51
107 56
297 273
435 374
681 391
94 89
158 385
568 162
6 5
20 2
353 677
793 560
414 937
873 190
839 25
375 156
423 817
98 63
410 374
501 187
377 771
540 323
657 403
811 146
225 276
304 65
686 443
1 367
63 110
309 684
453 562
461 553
390 296
700 213
233 309
742 165
17 27
691 29
759 543
329 297
147 308
100 633
641 577
379 535
441 413
721 739
9 6
266 87
578 51
82 33
494 38
109 20
62 57
687 503
323 440
14 602
171 72
451 659
39 28
300 486
22 166
198 123
704 25
59 15
187 480
552 373
33 760
890 24
233 73
236 174
160 178
120 141
203 197
5 145
860 708
710 333
710 908
383 891
489 277
160 373
156 885
267 224
664 274
670 523
881 820
815 543
21 387
100 903
250 54
227 288
131 162
323 219
276 366
98 346
145 932
784 391
773 512
8 21
272 675
130 18
15 1
92 165
638 287
820 605
113 573
70 327
351 270
58 40
865 612
186 96
458 249
550 656
299 237
425 126
399 196
105 205
718 586
749 419
61 10
587 276
25 104
361 416
514 197
69 91
104 183
16 36
158 120
697 883
477 96
591 79
63 241
734 559
689 504
701 671
30 450
445 245
78 25
224 44
409 801
402 792
137 131
722 311
872 787
44 778
621 288
16 24
603 87
133 596
495 310
632 33
460 618
199 547
121 352
89 584
169 763
783 862
104 498
772 497
30 72
25 15
318 286
433 694
746 33
245 15
585 334
577 321
661 534
117 50
847 319
565 462
128 611
518 99
176 459
181 910
569 455
604 476
20 23
639 332
32 193
532 137
94 409
164 151
31 6
500 342
240 916
210 541
528 80
857 207
211 331
408 325
516 299
379 334
218 48
337 266
412 451
828 774
101 111
228 209
294 113
128 68
545 173
797 844
49 361
430 837
737 36
796 575
506 768
217 284
90 207
526 104
216 8
678 312
173 187
211 78
50 54
270 38
935 33
533 53
102 199
77 249
625 415
247 149
738 121
111 348
372 292
92 65
452 555
823 128
464 380
745 47
824 820
486 919
105 349
13 607
320 231
609 131
562 786
99 227
312 205
319 321
8 51
608 242
87 93
291 164
41 242
11 496
674 150
162 298
184 442
399 439
92 673
198 383
293 161
96 105
307 816
926 656
682 472
378 213
382 455
135 147
380 377
446 703
356 99
917 924
115 81
878 432
436 140
477 593
118 254
171 221
558 676
38 71
130 201
180 246
46 310
787 372
777 236
501 668
444 166
129 240
918 211
226 36
403 300
10 14
537 458
185 751
226 867
757 405
332 243
125 118
548 497
11 2
863 199
76 81
168 258
302 457
156 256
177 9
601 475
68 262
512 440
4 8
741 912
146 225
402 506
60 176
43 47
469 94
479 155
478 312
80 69
377 72
206 347
89 311
449 264
407 556
110 149
809 39
159 129
605 606
850 453
237 669
322 406
13 53
574 339
323 743
899 842
280 64
353 728
831 750
827 546
202 52
5 235
148 634
356 586
11 29
64 17
492 93
91 423
369 276
185 322
57 34
143 637
635 13
508 776
427 278
32 195
692 43
453 460
560 406
493 19
152 27
6 32
413 17
428 251
301 37
303 368
4 1
236 654
209 732
513 176
36 55
580 85
358 265
217 295
56 122
339 249
650 666
752 593
410 874
383 667
808 48
38 206
516 595
869 341
707 189
172 257
807 399
219 155
179 30
93 622
302 431
896 100
154 130
534 38
144 118
696 494
91 754
370 106
543 401
261 248
113 12
505 928
2 220
798 278
653 454
487 423
5 102
13 56
343 149
13 11
180 81
769 198
375 539
175 194
203 665
270 882
149 465
790 603
2 66
34 18
476 392
236 505
11 77
290 165
106 47
437 12
12 63
805 349
626 455
875 595
509 485
382 272
642 267
522 361
575 8
679 45
184 376
719 304
148 74
172 86
905 320
542 384
461 549
723 34
840 841
797 852
284 821
222 324
41 14
373 895
210 278
286 191
189 39
173 28
341 17
2 1
114 60
409 507
304 481
174 630
892 712
214 161
154 582
336 145
80 579
709 212
712 599
473 901
429 917
92 133
273 208
31 215
288 305
481 789
453 158
213 16
612 12
775 754
292 72
605 725
296 407
904 92
705 398
819 747
725 791
207 624
628 395
539 747
124 39
118 103
482 232
37 20
157 417
346 764
592 264
227 536
818 99
448 645
11 139
566 35
529 457
253 767
171 418
315 471
463 66
26 49
121 63
714 849
233 627
85 415
576 111
658 240
154 244
99 60
73 8
733 457
238 140
170 525
60 15
405 271
354 198
100 34
207 840
581 258
11 616
262 544
803 158
435 551
138 16
886 820
680 491
438 127
117 167
233 234
19 28
75 355
721 212
216 313
855 205
1 3
53 753
190 103
48 39
897 390
432 583
4 87
22 412
223 524
185 98
61 328
540 864
128 333
277 561
394 326
192 41
697 27
125 146
282 134
299 911
259 251
223 207
470 290
491 63
243 47
567 405
500 913
360 94
444 484
256 672
379 384
264 197
227 279
377 393
316 517
289 462
438 520
21 834
800 322
31 683
758 575
27 782
249 483
765 498
1 17
265 129
345 309
423 594
804 640
224 263
39 285
161 45
231 398
312 472
30 44
139 419
527 401
78 750
127 631
646 620
925 115
45 83
29 277
70 46
23 68
112 109
923 354
307 829
278 652
206 511
279 302
86 558
200 761
65 717
755 725
229 232
568 826
105 123
842 582
2 140
893 480
112 456
554 446
825 228
713 274
88 7
814 628
65 43
357 139
724 744
515 228
153 37
644 727
9 466
103 303
19 5
27 239
381 352
402 846
906 486
96 66
129 58
200 17
262 401
104 326
720 716
636 8
792 854
247 253
52 22
162 467
103 68
859 596
200 795
412 838
617 623
530 220
412 861
38 17
900 57
281 37
343 497
85 83
41 395
101 16
276 716
588 383
271 698
43 67
205 448
364 70
430 287
35 21
853 394
785 235
11 43
391 389
424 83
927 914
757 915
227 251
447 341
196 190
100 605
48 353
150 74
510 419
647 263
1 131
188 55
135 307
48 822
344 118
125 135
374 266
40 6
162 649
938 756
858 133
116 9
884 888
8 209
612 931
63 79
159 260
12 16
13 26
13 132
57 503
730 68
136 57
442 597
396 326
613 83
18 45
222 102
210 129
550 385
371 421
79 699
325 159
89 64
868 760
812 418
223 615
99 783
6 802
299 446
921 159
1 340
461 17
504 361
155 599
762 668
103 142
46 14
326 741
74 64
76 402
126 78
175 119
188 748
836 716
432 297
714 667
359 83
651 150
108 571
475 256
317 249
105 404
334 265
5 163
559 404
737 770
884 160
33 454
283 40
120 208
197 3
185 365
106 933
485 350
197 362
502 386
187 217
156 114
715 85
33 1
289 103
274 77
162 330
5 880
60 120
589 464
248 108
474 331
391 411
241 648
851 444
794 635
90 70
287 190
711 678
866 458
155 144
291 781
898 90
433 671
529 655
662 588
69 306
30 644
35 69
806 356
130 531
160 152
598 319
392 333
339 619
361 780
907 261
845 265
526 799
415 600
338 296
119 3
518 690
414 300
843 438
386 250
5 1
726 377
724 81
73 650
473 463
83 766
572 477
51 902
350 230
269 131
255 223
97 85
756 489
182 102
590 362
94 335
